0 -7.15981e-06
10000 -2.60258e-05
20000 -8.30172e-05
30000 6.16034e-05
40000 -3.36155e-05
50000 -2.32121e-05
60000 -2.98991e-05
70000 -1.60438e-06
80000 1.57992e-05
90000 -5.97614e-06
100000 -4.01311e-05
110000 -5.77478e-05
120000 0.000101691
130000 -5.43905e-05
140000 6.66268e-05
150000 2.31149e-05
160000 -2.9716e-05
170000 6.48254e-05
180000 9.13849e-05
190000 -2.30692e-05
200000 -2.64729e-06
210000 2.44106e-05
220000 8.87501e-05
230000 0.000135278
240000 -3.57044e-05
250000 -5.16932e-05
260000 8.95851e-05
270000 -2.16862e-05
280000 -3.7056e-05
290000 0.000138489
300000 4.16811e-05
310000 7.26788e-05
320000 0.000108976
330000 6.43707e-05
340000 2.00117e-05
350000 -0.00010664
360000 0.000133502
370000 0.00011347
380000 5.16241e-05
390000 -3.51395e-05
400000 -5.03338e-05
410000 -3.20489e-05
420000 3.37299e-05
430000 -6.4683e-05
440000 0.000145439
450000 -6.2767e-05
460000 -6.35584e-05
470000 0.00018557
480000 -3.60432e-06
490000 5.25055e-05
500000 0.000201306
510000 1.06106e-05
520000 3.19825e-06
530000 0.000166176
540000 -0.000103847
550000 0.000291544
560000 -5.25268e-05
570000 8.82681e-05
580000 -3.49012e-06
590000 -5.30986e-06
600000 -6.08738e-05
610000 1.72955e-05
620000 -2.49158e-05
630000 8.89736e-05
640000 6.72029e-05
650000 9.04148e-05
660000 7.93656e-05
670000 -6.10623e-05
680000 0.000140439
690000 0.000260588
700000 0.000251559
710000 0.000202816
720000 0.000176932
730000 0.000488896
740000 0.000144924
750000 0.000375964
760000 0.000328309
770000 0.00023173
780000 0.000200623
790000 0.00014965
800000 0.000372678
810000 0.000109118
820000 0.000212138
830000 0.000262233
840000 0.000177312
850000 0.000137639
860000 0.000118132
870000 0.000330439
880000 4.49187e-05
890000 0.000210092
900000 0.000356292
910000 0.000484431
920000 0.000214769
930000 0.000271964
940000 0.000274326
950000 0.000270102
960000 0.000326679
970000 0.000376771
980000 0.000330825
990000 0.000367729
1000000 0.000160194
1010000 0.000262391
1020000 -4.13516e-05
1030000 0.000192007
1040000 0.000253707
1050000 0.000243813
1060000 0.000575616
1070000 0.000368642
1080000 0.000360574
1090000 0.000837957
1100000 -1.95537e-05
1110000 0.000620038
1120000 0.000442126
1130000 0.000485956
1140000 0.000428556
1150000 0.000205173
1160000 0.000176224
1170000 0.000160671
1180000 0.00028341
1190000 0.00031633
1200000 0.000193239
1210000 0.000908049
1220000 0.00125402
1230000 0.000961299
1240000 0.000708501
1250000 0.000396838
1260000 0.00102544
1270000 0.00052807
1280000 0.000560744
1290000 0.00126168
1300000 0.000709775
1310000 0.000506242
1320000 0.000925965
1330000 0.000341426
1340000 0.00150483
1350000 0.000778723
1360000 0.000683991
1370000 0.000558539
1380000 0.000186945
1390000 0.000478084
1400000 0.000561757
1410000 0.000189841
1420000 0.00094911
1430000 0.000339779
1440000 0.000317052
1450000 0.000395466
1460000 0.000440773
1470000 0.000719424
1480000 0.000788555
1490000 0.000904991
1500000 0.000605466
1510000 0.000793632
1520000 0.000386902
1530000 0.00110537
1540000 0.000968208
1550000 0.000815815
1560000 0.000753033
1570000 0.000674996
1580000 0.000848041
1590000 0.000625763
1600000 0.000907958
1610000 0.000809849
1620000 0.00108849
1630000 0.00084612
1640000 0.00124327
1650000 0.00169033
1660000 0.00126023
1670000 0.00136545
1680000 0.000988938
1690000 0.000776902
1700000 0.000998482
1710000 0.000878959
1720000 0.00117706
1730000 0.0014374
1740000 0.00131789
1750000 0.00103418
1760000 0.00077871
1770000 0.00117603
1780000 0.000993191
1790000 0.00216949
1800000 0.00107399
1810000 0.00178879
1820000 0.00151837
1830000 0.00073235
1840000 0.00125672
1850000 0.00141146
1860000 0.000920706
1870000 0.00138558
1880000 0.00141592
1890000 0.00133992
1900000 0.000710861
1910000 0.000888853
1920000 0.000663794
1930000 0.00127495
1940000 0.00160316
1950000 0.00130788
1960000 0.00116885
1970000 0.00162919
1980000 0.00127671
1990000 0.000919645
2000000 0.000829571
2010000 0.00174563
2020000 0.00184049
2030000 0.00202922
2040000 0.0030093
2050000 0.00243335
2060000 0.00189658
2070000 0.00202158
2080000 0.00250197
2090000 0.00264139
2100000 0.00220525
2110000 0.00233378
2120000 0.00256793
2130000 0.00203311
2140000 0.00222873
2150000 0.00299996
2160000 0.00187342
2170000 0.00132269
2180000 0.00248246
2190000 0.00304416
2200000 0.0028185
2210000 0.00241604
2220000 0.00146476
2230000 0.00192366
2240000 0.00111884
2250000 0.00296784
2260000 0.00195003
2270000 0.0026755
2280000 0.00178658
2290000 0.00172788
2300000 0.00319206
2310000 0.00189093
2320000 0.00192074
2330000 0.00297711
2340000 0.00153194
2350000 0.00439358
2360000 0.0024815
2370000 0.00223704
2380000 0.00190006
2390000 0.00182996
2400000 0.0025599
2410000 0.00177373
2420000 0.00299568
2430000 0.00319871
2440000 0.00246014
2450000 0.00301871
2460000 0.00232833
2470000 0.00373624
2480000 0.00375412
2490000 0.00348213
2500000 0.00293186
2510000 0.00286815
2520000 0.00216223
2530000 0.00305616
2540000 0.00351511
2550000 0.00298785
2560000 0.00249614
2570000 0.0032945
2580000 0.00274202
2590000 0.00375253
2600000 0.00278172
2610000 0.00262117
2620000 0.00337431
2630000 0.00252494
2640000 0.00432668
2650000 0.00500949
2660000 0.00357384
2670000 0.0045599
2680000 0.0043247
2690000 0.00456962
2700000 0.00396898
2710000 0.00485621
2720000 0.00488934
2730000 0.00538049
2740000 0.00521362
2750000 0.00451254
2760000 0.00412704
2770000 0.00464582
2780000 0.00560872
2790000 0.00477549
2800000 0.00347374
2810000 0.00357417
2820000 0.00461551
2830000 0.00565764
2840000 0.00606286
2850000 0.006058
2860000 0.00408043
2870000 0.0055134
2880000 0.0060303
2890000 0.00588753
2900000 0.00485381
2910000 0.00528066
2920000 0.00616433
2930000 0.0052428
2940000 0.00533551
2950000 0.00602103
2960000 0.0068679
2970000 0.0066783
2980000 0.00674897
2990000 0.0075739
3000000 0.00775238
3010000 0.00491851
3020000 0.00460351
3030000 0.00575787
3040000 0.00571425
3050000 0.00789872
3060000 0.00510672
3070000 0.00676864
3080000 0.00308395
3090000 0.00629048
3100000 0.006824
3110000 0.00784487
3120000 0.00804376
3130000 0.0073666
3140000 0.00675548
3150000 0.0078821
3160000 0.00622472
3170000 0.00674135
3180000 0.00435771
3190000 0.00765602
3200000 0.00737998
3210000 0.00648022
3220000 0.00714715
3230000 0.0074232
3240000 0.00755578
3250000 0.00753425
3260000 0.00929957
3270000 0.00876664
3280000 0.00929735
3290000 0.0093377
3300000 0.0113005
3310000 0.0102304
3320000 0.00964418
3330000 0.00904957
3340000 0.0101978
3350000 0.0089905
3360000 0.0109307
3370000 0.00846258
3380000 0.00769333
3390000 0.00747609
3400000 0.0110288
3410000 0.0101806
3420000 0.0100166
3430000 0.0066355
3440000 0.00893222
3450000 0.00944876
3460000 0.00718464
3470000 0.010515
3480000 0.0109209
3490000 0.0088255
3500000 0.00984647
3510000 0.00773001
3520000 0.00806075
3530000 0.00984719
3540000 0.00838784
3550000 0.00880017
3560000 0.0120338
3570000 0.00884852
3580000 0.0136335
3590000 0.0106254
3600000 0.0107777
3610000 0.00924053
3620000 0.00870645
3630000 0.0107519
3640000 0.012986
3650000 0.0129745
3660000 0.0102655
3670000 0.00953224
3680000 0.00943481
3690000 0.0100694
3700000 0.0123832
3710000 0.0123245
3720000 0.0114168
3730000 0.0118061
3740000 0.00942149
3750000 0.0119152
3760000 0.00936872
3770000 0.0106211
3780000 0.00912723
3790000 0.0115604
3800000 0.0113365
3810000 0.0144265
3820000 0.0135236
3830000 0.0131845
3840000 0.0111712
3850000 0.0130179
3860000 0.0126059
3870000 0.0128265
3880000 0.0111439
3890000 0.0144658
3900000 0.0111379
3910000 0.0145893
3920000 0.0136908
3930000 0.0146975
3940000 0.0131721
3950000 0.0150138
3960000 0.0165044
3970000 0.0141643
3980000 0.0135744
3990000 0.0166533
4000000 0.0149174
4010000 0.0139897
4020000 0.0117648
4030000 0.0148283
4040000 0.0153685
4050000 0.0163689
4060000 0.0110174
4070000 0.0124294
4080000 0.0141775
4090000 0.0162078
4100000 0.0135015
4110000 0.0118277
4120000 0.0141525
4130000 0.0143896
4140000 0.0163198
4150000 0.0172733
4160000 0.0180757
4170000 0.0151677
4180000 0.0166673
4190000 0.0161063
4200000 0.0187307
4210000 0.0158899
4220000 0.0156974
4230000 0.0159083
4240000 0.017354
4250000 0.0183712
4260000 0.0182149
4270000 0.0152197
4280000 0.0179436
4290000 0.0161285
4300000 0.0159689
4310000 0.0169099
4320000 0.0173809
4330000 0.0161274
4340000 0.0148853
4350000 0.0194742
4360000 0.0200393
4370000 0.0185132
4380000 0.0189458
4390000 0.0166245
4400000 0.0196352
4410000 0.0195692
4420000 0.019017
4430000 0.0221067
4440000 0.0192154
4450000 0.0238222
4460000 0.0212383
4470000 0.02042
4480000 0.0210718
4490000 0.0249498
4500000 0.0200732
4510000 0.0245781
4520000 0.0213907
4530000 0.0212546
4540000 0.0233547
4550000 0.0218009
4560000 0.0186357
4570000 0.0202883
4580000 0.0210491
4590000 0.0176298
4600000 0.0194606
4610000 0.0207772
4620000 0.0236934
4630000 0.0210401
4640000 0.0238739
4650000 0.0218456
4660000 0.0241974
4670000 0.0234599
4680000 0.0250416
4690000 0.0238396
4700000 0.0229133
4710000 0.0242892
4720000 0.0253631
4730000 0.0259533
4740000 0.0239501
4750000 0.0216142
4760000 0.0223386
4770000 0.0223531
4780000 0.0221651
4790000 0.0238048
4800000 0.0266444
4810000 0.0262347
4820000 0.0267814
4830000 0.0250927
4840000 0.0310392
4850000 0.0257595
4860000 0.0247694
4870000 0.0305017
4880000 0.0229581
4890000 0.0279941
4900000 0.0253722
4910000 0.0270956
4920000 0.0260444
4930000 0.0284464
4940000 0.0294461
4950000 0.0311949
4960000 0.0337074
4970000 0.0319257
4980000 0.0316682
4990000 0.0326567
5000000 0.0306231
5010000 0.0344815
5020000 0.0289768
5030000 0.0328074
5040000 0.0285756
5050000 0.0315304
5060000 0.0299404
5070000 0.0346864
5080000 0.0369361
5090000 0.033301
5100000 0.0323496
5110000 0.031515
5120000 0.0323177
5130000 0.0346386
5140000 0.0330682
5150000 0.0301848
5160000 0.0320369
5170000 0.0369963
5180000 0.0324878
5190000 0.039563
5200000 0.0330132
5210000 0.0329229
5220000 0.0357022
5230000 0.0370132
5240000 0.0382525
5250000 0.0385729
5260000 0.0391594
5270000 0.0405672
5280000 0.0448203
5290000 0.0421369
5300000 0.0377524
5310000 0.043013
5320000 0.0413394
5330000 0.0472703
5340000 0.0383807
5350000 0.0444733
5360000 0.0429261
5370000 0.0463062
5380000 0.0453386
5390000 0.0443487
5400000 0.043662
5410000 0.0456722
5420000 0.0498097
5430000 0.0486393
5440000 0.0516685
5450000 0.0513857
5460000 0.0492218
5470000 0.0477904
5480000 0.0523414
5490000 0.0481576
5500000 0.0477523
5510000 0.0470706
5520000 0.0476065
5530000 0.0551398
5540000 0.0521291
5550000 0.0576682
5560000 0.0468855
5570000 0.0528559
5580000 0.0542267
5590000 0.0521783
5600000 0.0538192
5610000 0.0574106
5620000 0.0489423
5630000 0.0516743
5640000 0.0521454
5650000 0.0535347
5660000 0.0557145
5670000 0.0570223
5680000 0.0549884
5690000 0.0614135
5700000 0.0593561
5710000 0.0603048
5720000 0.0589716
5730000 0.0564907
5740000 0.0573683
5750000 0.0606177
5760000 0.0601671
5770000 0.0604052
5780000 0.0575745
5790000 0.0616178
5800000 0.0641338
5810000 0.0616626
5820000 0.0627025
5830000 0.0696357
5840000 0.0636483
5850000 0.0680787
5860000 0.0697374
5870000 0.0709698
5880000 0.0707388
5890000 0.0689569
5900000 0.0683922
5910000 0.0659954
5920000 0.0684288
5930000 0.0657509
5940000 0.0654358
5950000 0.0673163
5960000 0.0714603
5970000 0.0737756
5980000 0.0762687
5990000 0.0701469
6000000 0.0768523
6010000 0.065236
6020000 0.0689827
6030000 0.0719632
6040000 0.0763786
6050000 0.0728952
6060000 0.0770106
6070000 0.0785558
6080000 0.080625
6090000 0.0846947
6100000 0.0820468
6110000 0.0840172
6120000 0.083649
6130000 0.0825692
6140000 0.0783776
6150000 0.0912208
6160000 0.0933792
6170000 0.0939067
6180000 0.0941589
6190000 0.0894241
6200000 0.0922793
6210000 0.0912389
6220000 0.0943474
6230000 0.095288
6240000 0.0955145
6250000 0.0967735
6260000 0.10027
6270000 0.0975322
6280000 0.102225
6290000 0.10057
6300000 0.111422
6310000 0.10139
6320000 0.10495
6330000 0.0996111
6340000 0.102408
6350000 0.102348
6360000 0.101844
6370000 0.0947852
6380000 0.10206
6390000 0.0982496
6400000 0.0991961
6410000 0.10153
6420000 0.109919
6430000 0.103321
6440000 0.105857
6450000 0.106256
6460000 0.111759
6470000 0.106965
6480000 0.101271
6490000 0.104595
6500000 0.103345
6510000 0.100975
6520000 0.103744
6530000 0.101109
6540000 0.105994
6550000 0.109061
6560000 0.103881
6570000 0.107418
6580000 0.109929
6590000 0.113236
6600000 0.121158
6610000 0.119233
6620000 0.115771
6630000 0.113487
6640000 0.111317
6650000 0.114375
6660000 0.117006
6670000 0.113007
6680000 0.115786
6690000 0.117256
6700000 0.113658
6710000 0.116458
6720000 0.12209
6730000 0.12532
6740000 0.119112
6750000 0.121907
6760000 0.120664
6770000 0.121619
6780000 0.125787
6790000 0.127978
6800000 0.127841
6810000 0.134225
6820000 0.130546
6830000 0.130184
6840000 0.128757
6850000 0.131928
6860000 0.131769
6870000 0.129994
6880000 0.133308
6890000 0.136417
6900000 0.141271
6910000 0.137316
6920000 0.140368
6930000 0.139277
6940000 0.144342
6950000 0.143616
6960000 0.144036
6970000 0.148482
6980000 0.148807
6990000 0.146677
7000000 0.147786
7010000 0.152008
7020000 0.157903
7030000 0.154887
7040000 0.149798
7050000 0.152455
7060000 0.154339
7070000 0.160873
7080000 0.159337
7090000 0.16341
7100000 0.162826
7110000 0.159115
7120000 0.163135
7130000 0.161714
7140000 0.16254
7150000 0.155817
7160000 0.163451
7170000 0.165859
7180000 0.164882
7190000 0.164566
7200000 0.164865
7210000 0.168437
7220000 0.169111
7230000 0.171772
7240000 0.170974
7250000 0.180273
7260000 0.175595
7270000 0.169515
7280000 0.171231
7290000 0.187042
7300000 0.187105
7310000 0.187453
7320000 0.176667
7330000 0.185257
7340000 0.184825
7350000 0.177891
7360000 0.177277
7370000 0.187109
7380000 0.185901
7390000 0.185843
7400000 0.180106
7410000 0.186917
7420000 0.184004
7430000 0.186623
7440000 0.189233
7450000 0.191643
7460000 0.195161
7470000 0.191668
7480000 0.196837
7490000 0.196221
7500000 0.199252
7510000 0.198779
7520000 0.204174
7530000 0.206555
7540000 0.205687
7550000 0.199871
7560000 0.204863
7570000 0.206417
7580000 0.204305
7590000 0.207529
7600000 0.208634
7610000 0.205203
7620000 0.212687
7630000 0.21494
7640000 0.210276
7650000 0.205698
7660000 0.208364
7670000 0.202907
7680000 0.212915
7690000 0.203564
7700000 0.204637
7710000 0.211708
7720000 0.217922
7730000 0.216117
7740000 0.221453
7750000 0.208754
7760000 0.216831
7770000 0.220478
7780000 0.210673
7790000 0.214477
7800000 0.215536
7810000 0.218227
7820000 0.213795
7830000 0.223569
7840000 0.227618
7850000 0.229293
7860000 0.222874
7870000 0.223942
7880000 0.223473
7890000 0.222173
7900000 0.225463
7910000 0.22275
7920000 0.230839
7930000 0.227756
7940000 0.237085
7950000 0.23904
7960000 0.242419
7970000 0.233047
7980000 0.233898
7990000 0.244853
8000000 0.240046
8010000 0.245338
8020000 0.243951
8030000 0.254689
8040000 0.25311
8050000 0.255267
8060000 0.255272
8070000 0.256039
8080000 0.256563
8090000 0.257838
8100000 0.259035
8110000 0.264036
8120000 0.254454
8130000 0.251273
8140000 0.255009
8150000 0.257949
8160000 0.248804
8170000 0.253492
8180000 0.256
8190000 0.255729
8200000 0.253562
8210000 0.256779
8220000 0.262399
8230000 0.254222
8240000 0.260643
8250000 0.261324
8260000 0.267397
8270000 0.26718
8280000 0.269933
8290000 0.270966
8300000 0.271063
8310000 0.269218
8320000 0.272352
8330000 0.267377
8340000 0.267483
8350000 0.27168
8360000 0.273967
8370000 0.278635
8380000 0.279631
8390000 0.280667
8400000 0.281089
8410000 0.279925
8420000 0.287063
8430000 0.28736
8440000 0.28967
8450000 0.28348
8460000 0.286668
8470000 0.283382
8480000 0.287215
8490000 0.286567
8500000 0.291656
8510000 0.286603
8520000 0.289943
8530000 0.291849
8540000 0.287505
8550000 0.290604
8560000 0.2957
8570000 0.295799
8580000 0.29976
8590000 0.296301
8600000 0.291201
8610000 0.302291
8620000 0.302833
8630000 0.304479
8640000 0.302239
8650000 0.299773
8660000 0.299767
8670000 0.31449
8680000 0.302709
8690000 0.310896
8700000 0.305141
8710000 0.314371
8720000 0.326553
8730000 0.319099
8740000 0.318368
8750000 0.31964
8760000 0.319521
8770000 0.313475
8780000 0.313363
8790000 0.317389
8800000 0.316977
8810000 0.321218
8820000 0.321897
8830000 0.319501
8840000 0.321254
8850000 0.318668
8860000 0.331945
8870000 0.323552
8880000 0.327199
8890000 0.327375
8900000 0.330221
8910000 0.329629
8920000 0.32923
8930000 0.329138
8940000 0.3321
8950000 0.326557
8960000 0.336629
8970000 0.335745
8980000 0.342154
8990000 0.342773
9000000 0.338447
9010000 0.341362
9020000 0.346604
9030000 0.346941
9040000 0.349134
9050000 0.348598
9060000 0.352878
9070000 0.355559
9080000 0.356021
9090000 0.356085
9100000 0.353595
9110000 0.360877
9120000 0.367108
9130000 0.36294
9140000 0.364298
9150000 0.368577
9160000 0.360589
9170000 0.360545
9180000 0.365426
9190000 0.362028
9200000 0.364217
9210000 0.372224
9220000 0.367159
9230000 0.36912
9240000 0.377115
9250000 0.368528
9260000 0.370189
9270000 0.376779
9280000 0.38259
9290000 0.376752
9300000 0.375971
9310000 0.375523
9320000 0.37272
9330000 0.37604
9340000 0.368646
9350000 0.370914
9360000 0.369606
9370000 0.37302
9380000 0.374789
9390000 0.371304
9400000 0.368673
9410000 0.379714
9420000 0.369831
9430000 0.376507
9440000 0.379774
9450000 0.38413
9460000 0.382907
9470000 0.38259
9480000 0.381808
9490000 0.380449
9500000 0.386258
9510000 0.382826
9520000 0.393825
9530000 0.399169
9540000 0.402626
9550000 0.394243
9560000 0.392301
9570000 0.396247
9580000 0.392049
9590000 0.386291
9600000 0.403242
9610000 0.401206
9620000 0.403697
9630000 0.401746
9640000 0.403274
9650000 0.395474
9660000 0.395761
9670000 0.408617
9680000 0.403657
9690000 0.398286
9700000 0.402452
9710000 0.39574
9720000 0.400832
9730000 0.403802
9740000 0.406578
9750000 0.397782
9760000 0.401276
9770000 0.404384
9780000 0.410152
9790000 0.413178
9800000 0.420355
9810000 0.411542
9820000 0.412604
9830000 0.414766
9840000 0.414305
9850000 0.417612
9860000 0.424335
9870000 0.417505
9880000 0.414696
9890000 0.422921
9900000 0.425208
9910000 0.420267
9920000 0.425613
9930000 0.435363
9940000 0.428487
9950000 0.423411
9960000 0.435795
9970000 0.42585
9980000 0.425147
9990000 0.433711
10000000 0.429327
10010000 0.433467
10020000 0.425755
10030000 0.421487
10040000 0.421763
10050000 0.419644
10060000 0.427087
10070000 0.429465
10080000 0.426198
10090000 0.43124
10100000 0.435833
10110000 0.43266
10120000 0.434392
10130000 0.436189
10140000 0.432845
10150000 0.436951
10160000 0.440617
10170000 0.443845
10180000 0.438551
10190000 0.439696
10200000 0.442098
10210000 0.443791
10220000 0.440154
10230000 0.436486
10240000 0.440022
10250000 0.444942
10260000 0.442762
10270000 0.44392
10280000 0.444209
10290000 0.440459
10300000 0.4432
10310000 0.447168
10320000 0.450676
10330000 0.452019
10340000 0.448249
10350000 0.4517
10360000 0.443775
10370000 0.446312
10380000 0.447758
10390000 0.456828
10400000 0.461783
10410000 0.459777
10420000 0.453418
10430000 0.458541
10440000 0.456247
10450000 0.456661
10460000 0.461945
10470000 0.455118
10480000 0.45671
10490000 0.463364
10500000 0.467773
10510000 0.457856
10520000 0.457799
10530000 0.462865
10540000 0.466861
10550000 0.46497
10560000 0.45929
10570000 0.457996
10580000 0.461247
10590000 0.463564
10600000 0.468882
10610000 0.467402
10620000 0.4631
10630000 0.466833
10640000 0.463255
10650000 0.470162
10660000 0.470169
10670000 0.469133
10680000 0.46841
10690000 0.474237
10700000 0.479574
10710000 0.4762
10720000 0.475451
10730000 0.480399
10740000 0.479013
10750000 0.473142
10760000 0.47441
10770000 0.475551
10780000 0.476915
10790000 0.476283
10800000 0.479596
10810000 0.471631
10820000 0.475287
10830000 0.476574
10840000 0.483712
10850000 0.484878
10860000 0.475017
10870000 0.477607
10880000 0.476907
10890000 0.481454
10900000 0.481739
10910000 0.479528
10920000 0.47946
10930000 0.477525
10940000 0.482448
10950000 0.484809
10960000 0.484505
10970000 0.490659
10980000 0.479944
10990000 0.490562
11000000 0.487076
11010000 0.49396
11020000 0.490201
11030000 0.497595
11040000 0.491739
11050000 0.494481
11060000 0.496841
11070000 0.493317
11080000 0.492212
11090000 0.500344
11100000 0.498807
11110000 0.499991
11120000 0.497428
11130000 0.504607
11140000 0.507292
11150000 0.498048
11160000 0.497719
11170000 0.497894
11180000 0.500466
11190000 0.495436
11200000 0.506385
11210000 0.49762
11220000 0.499096
11230000 0.501597
11240000 0.50159
11250000 0.50215
11260000 0.497697
11270000 0.501675
11280000 0.498547
11290000 0.499814
11300000 0.497798
11310000 0.504559
11320000 0.498691
11330000 0.495719
11340000 0.499755
11350000 0.491871
11360000 0.499894
11370000 0.502705
11380000 0.501598
11390000 0.508395
11400000 0.507733
11410000 0.507902
11420000 0.511777
11430000 0.511192
11440000 0.511311
11450000 0.509772
11460000 0.512433
11470000 0.516321
11480000 0.519147
11490000 0.519118
11500000 0.517708
11510000 0.520764
11520000 0.517815
11530000 0.520544
11540000 0.515134
11550000 0.519822
11560000 0.519976
11570000 0.516808
11580000 0.519302
11590000 0.516453
11600000 0.514318
11610000 0.514477
11620000 0.522871
11630000 0.515104
11640000 0.526431
11650000 0.521243
11660000 0.518587
11670000 0.526394
11680000 0.528376
11690000 0.519003
11700000 0.521681
11710000 0.52774
11720000 0.523623
11730000 0.523224
11740000 0.525659
11750000 0.524615
11760000 0.521486
11770000 0.521695
11780000 0.525997
11790000 0.51705
11800000 0.528377
11810000 0.539907
11820000 0.532446
11830000 0.526783
11840000 0.539134
11850000 0.543138
11860000 0.544178
11870000 0.545626
11880000 0.536382
11890000 0.535148
11900000 0.537636
11910000 0.538608
11920000 0.539951
11930000 0.538749
11940000 0.542965
11950000 0.538357
11960000 0.536425
11970000 0.543001
11980000 0.543287
11990000 0.544199
12000000 0.53961
12010000 0.539521
12020000 0.544093
12030000 0.541496
12040000 0.541875
12050000 0.549036
12060000 0.546777
12070000 0.551926
12080000 0.554677
12090000 0.555116
12100000 0.556484
12110000 0.553764
12120000 0.560611
12130000 0.555147
12140000 0.556762
12150000 0.557452
12160000 0.551802
12170000 0.546185
12180000 0.546716
12190000 0.554533
12200000 0.562225
12210000 0.559603
12220000 0.560787
12230000 0.554452
12240000 0.556986
12250000 0.557943
12260000 0.561835
12270000 0.558146
12280000 0.56531
12290000 0.567188
12300000 0.571749
12310000 0.562663
12320000 0.568417
12330000 0.562369
12340000 0.560652
12350000 0.563155
12360000 0.559515
12370000 0.563738
12380000 0.562787
12390000 0.56467
12400000 0.566963
12410000 0.559611
12420000 0.56561
12430000 0.564993
12440000 0.566207
12450000 0.558895
12460000 0.569282
12470000 0.57145
12480000 0.56834
12490000 0.575131
12500000 0.569891
12510000 0.570022
12520000 0.568648
12530000 0.570433
12540000 0.573044
12550000 0.576651
12560000 0.575837
12570000 0.57293
12580000 0.566164
12590000 0.583827
12600000 0.577718
12610000 0.578661
12620000 0.574415
12630000 0.573513
12640000 0.580521
12650000 0.579921
12660000 0.575062
12670000 0.574875
12680000 0.57416
12690000 0.578808
12700000 0.57008
12710000 0.569179
12720000 0.570848
12730000 0.566882
12740000 0.573516
12750000 0.574653
12760000 0.578437
12770000 0.569603
12780000 0.574753
12790000 0.57802
12800000 0.581002
12810000 0.583372
12820000 0.581163
12830000 0.578058
12840000 0.579444
12850000 0.580168
12860000 0.580888
12870000 0.583111
12880000 0.584893
12890000 0.585857
12900000 0.58596
12910000 0.589258
12920000 0.588227
12930000 0.592246
12940000 0.589554
12950000 0.585608
12960000 0.592242
12970000 0.587128
12980000 0.588891
12990000 0.594533
13000000 0.593054
13010000 0.588662
13020000 0.588085
13030000 0.593714
13040000 0.586303
13050000 0.590655
13060000 0.584282
13070000 0.591459
13080000 0.589618
13090000 0.586761
13100000 0.590586
13110000 0.587992
13120000 0.596012
13130000 0.590084
13140000 0.594827
13150000 0.602272
13160000 0.595785
13170000 0.596891
13180000 0.597132
13190000 0.60309
13200000 0.594861
13210000 0.60037
13220000 0.593817
13230000 0.59041
13240000 0.602743
13250000 0.598537
13260000 0.601478
13270000 0.598281
13280000 0.59501
13290000 0.599803
13300000 0.601479
13310000 0.594093
13320000 0.598735
13330000 0.596392
13340000 0.598989
13350000 0.602777
13360000 0.600689
13370000 0.600611
13380000 0.606824
13390000 0.599869
13400000 0.591478
13410000 0.600224
13420000 0.602989
13430000 0.60172
13440000 0.605765
13450000 0.605861
13460000 0.609503
13470000 0.606767
13480000 0.602516
13490000 0.60494
13500000 0.611489
13510000 0.608391
13520000 0.60779
13530000 0.612021
13540000 0.609408
13550000 0.61656
13560000 0.615215
13570000 0.61544
13580000 0.615151
13590000 0.612326
13600000 0.607402
13610000 0.611801
13620000 0.614696
13630000 0.616319
13640000 0.61866
13650000 0.611811
13660000 0.611791
13670000 0.602542
13680000 0.606311
13690000 0.606147
13700000 0.605943
13710000 0.609434
13720000 0.603621
13730000 0.614119
13740000 0.609852
13750000 0.611191
13760000 0.606666
13770000 0.602531
13780000 0.610551
13790000 0.607369
13800000 0.612637
13810000 0.615124
13820000 0.608615
13830000 0.608107
13840000 0.60664
13850000 0.615352
13860000 0.608123
13870000 0.614989
13880000 0.613727
13890000 0.617833
13900000 0.613826
13910000 0.614109
13920000 0.616582
13930000 0.614218
13940000 0.618877
13950000 0.624122
13960000 0.622079
13970000 0.615605
13980000 0.618661
13990000 0.620062
14000000 0.6093
14010000 0.618697
14020000 0.614998
14030000 0.616648
14040000 0.611786
14050000 0.625782
14060000 0.616929
14070000 0.613045
14080000 0.609544
14090000 0.618557
14100000 0.619205
14110000 0.619598
14120000 0.617937
14130000 0.621972
14140000 0.620707
14150000 0.618157
14160000 0.624557
14170000 0.619044
14180000 0.620468
14190000 0.616715
14200000 0.624311
14210000 0.62045
14220000 0.619418
14230000 0.613505
14240000 0.619125
14250000 0.620544
14260000 0.617181
14270000 0.624642
14280000 0.626395
14290000 0.626233
14300000 0.620196
14310000 0.616411
14320000 0.619044
14330000 0.627368
14340000 0.621411
14350000 0.630854
14360000 0.628934
14370000 0.620396
14380000 0.621333
14390000 0.623239
14400000 0.629462
14410000 0.624666
14420000 0.631093
14430000 0.627727
14440000 0.630538
14450000 0.630636
14460000 0.63139
14470000 0.63455
14480000 0.629422
14490000 0.633049
14500000 0.631326
14510000 0.633736
14520000 0.623204
14530000 0.631699
14540000 0.637562
14550000 0.632991
14560000 0.635571
14570000 0.635554
14580000 0.636416
14590000 0.631258
14600000 0.635661
14610000 0.636777
14620000 0.640594
14630000 0.633831
14640000 0.639127
14650000 0.632795
14660000 0.640193
14670000 0.639579
14680000 0.636895
14690000 0.636645
14700000 0.634349
14710000 0.635635
14720000 0.636008
14730000 0.634143
14740000 0.636634
14750000 0.638107
14760000 0.637338
14770000 0.636559
14780000 0.636018
14790000 0.631425
14800000 0.635
14810000 0.642057
14820000 0.642283
14830000 0.634492
14840000 0.635275
14850000 0.638638
14860000 0.640917
14870000 0.642588
14880000 0.640016
14890000 0.64095
14900000 0.633612
14910000 0.630559
14920000 0.644639
14930000 0.64561
14940000 0.647157
14950000 0.642496
14960000 0.646683
14970000 0.639488
14980000 0.638014
14990000 0.641802
15000000 0.637349
15010000 0.640186
15020000 0.63844
15030000 0.639634
15040000 0.63578
15050000 0.639321
15060000 0.633825
15070000 0.636957
15080000 0.636225
15090000 0.645341
15100000 0.639341
15110000 0.63734
15120000 0.636416
15130000 0.631279
15140000 0.637994
15150000 0.642144
15160000 0.644547
15170000 0.651448
15180000 0.648364
15190000 0.643517
15200000 0.643212
15210000 0.654287
15220000 0.649382
15230000 0.645825
15240000 0.647329
15250000 0.646977
15260000 0.647293
15270000 0.64769
15280000 0.643297
15290000 0.652801
15300000 0.646592
15310000 0.649448
15320000 0.659275
15330000 0.646337
15340000 0.646807
15350000 0.643961
15360000 0.655004
15370000 0.653824
15380000 0.657851
15390000 0.660154
15400000 0.655648
15410000 0.664733
15420000 0.658147
15430000 0.658131
15440000 0.660535
15450000 0.653849
15460000 0.66104
15470000 0.664858
15480000 0.664769
15490000 0.663281
15500000 0.660365
15510000 0.664356
15520000 0.660514
15530000 0.659624
15540000 0.655396
15550000 0.654635
15560000 0.652513
15570000 0.65787
15580000 0.653397
15590000 0.652094
15600000 0.656669
15610000 0.655487
15620000 0.655958
15630000 0.651475
15640000 0.658321
15650000 0.652599
15660000 0.654461
15670000 0.653979
15680000 0.655707
15690000 0.651984
15700000 0.652099
15710000 0.655309
15720000 0.651992
15730000 0.652586
15740000 0.657543
15750000 0.656025
15760000 0.660563
15770000 0.659993
15780000 0.654412
15790000 0.663617
15800000 0.656703
15810000 0.661276
15820000 0.656019
15830000 0.652269
15840000 0.657468
15850000 0.656805
15860000 0.653604
15870000 0.653186
15880000 0.656314
15890000 0.659488
15900000 0.662673
15910000 0.657016
15920000 0.654033
15930000 0.662266
15940000 0.660339
15950000 0.65621
15960000 0.660341
15970000 0.658682
15980000 0.661674
15990000 0.660021
16000000 0.658685
16010000 0.663774
16020000 0.657464
16030000 0.660079
16040000 0.660166
16050000 0.656902
16060000 0.658732
16070000 0.662541
16080000 0.652069
16090000 0.653059
16100000 0.654375
16110000 0.662769
16120000 0.657965
16130000 0.655076
16140000 0.658642
16150000 0.658576
16160000 0.660218
16170000 0.654015
16180000 0.658868
16190000 0.656951
16200000 0.658002
16210000 0.656178
16220000 0.659365
16230000 0.658766
16240000 0.662096
16250000 0.664642
16260000 0.663942
16270000 0.66831
16280000 0.665899
16290000 0.660948
16300000 0.662951
16310000 0.662184
16320000 0.667081
16330000 0.666331
16340000 0.665904
16350000 0.670177
16360000 0.666008
16370000 0.671218
16380000 0.665236
16390000 0.666938
16400000 0.66392
16410000 0.668135
16420000 0.661961
16430000 0.668901
16440000 0.664372
16450000 0.667028
16460000 0.664874
16470000 0.661001
16480000 0.658622
16490000 0.66711
16500000 0.665264
16510000 0.667286
16520000 0.66682
16530000 0.65956
16540000 0.663788
16550000 0.664975
16560000 0.669041
16570000 0.666378
16580000 0.674065
16590000 0.669362
16600000 0.670291
16610000 0.670883
16620000 0.672245
16630000 0.67004
16640000 0.673922
16650000 0.675776
16660000 0.670425
16670000 0.672003
16680000 0.672119
16690000 0.674089
16700000 0.675279
16710000 0.670638
16720000 0.671971
16730000 0.671468
16740000 0.674102
16750000 0.672122
16760000 0.671857
16770000 0.667646
16780000 0.670468
16790000 0.675206
16800000 0.674119
16810000 0.674171
16820000 0.674205
16830000 0.670813
16840000 0.671575
16850000 0.673258
16860000 0.675059
16870000 0.674432
16880000 0.673825
16890000 0.674332
16900000 0.674037
16910000 0.677183
16920000 0.675013
16930000 0.676495
16940000 0.678874
16950000 0.675762
16960000 0.680468
16970000 0.673962
16980000 0.670848
16990000 0.670244
17000000 0.678485
17010000 0.675576
17020000 0.674508
17030000 0.67051
17040000 0.666834
17050000 0.666217
17060000 0.671985
17070000 0.670969
17080000 0.676776
17090000 0.671158
17100000 0.677428
17110000 0.678778
17120000 0.668152
17130000 0.675235
17140000 0.67861
17150000 0.681079
17160000 0.67741
17170000 0.67564
17180000 0.681289
17190000 0.686804
17200000 0.681886
17210000 0.676991
17220000 0.67934
17230000 0.681116
17240000 0.677273
17250000 0.676828
17260000 0.683303
17270000 0.67529
17280000 0.683859
17290000 0.686668
17300000 0.687786
17310000 0.684918
17320000 0.684657
17330000 0.679571
17340000 0.684089
17350000 0.682729
17360000 0.683725
17370000 0.687368
17380000 0.686842
17390000 0.685348
17400000 0.689818
17410000 0.688248
17420000 0.682934
17430000 0.682013
17440000 0.678101
17450000 0.687503
17460000 0.678621
17470000 0.687182
17480000 0.689771
17490000 0.683546
17500000 0.683652
17510000 0.688124
17520000 0.689276
17530000 0.695139
17540000 0.688223
17550000 0.683203
17560000 0.682936
17570000 0.688108
17580000 0.685086
17590000 0.688898
17600000 0.687959
17610000 0.693115
17620000 0.685234
17630000 0.689934
17640000 0.68969
17650000 0.687237
17660000 0.683078
17670000 0.680905
17680000 0.678966
17690000 0.685427
17700000 0.688516
17710000 0.686671
17720000 0.688446
17730000 0.694123
17740000 0.693781
17750000 0.688213
17760000 0.689755
17770000 0.686695
17780000 0.697125
17790000 0.69206
17800000 0.697447
17810000 0.692043
17820000 0.693342
17830000 0.695366
17840000 0.694969
17850000 0.697204
17860000 0.704383
17870000 0.69783
17880000 0.706842
17890000 0.700486
17900000 0.699449
17910000 0.691957
17920000 0.692368
17930000 0.687249
17940000 0.683476
17950000 0.68951
17960000 0.695756
17970000 0.693829
17980000 0.695495
17990000 0.705971
18000000 0.701889
18010000 0.700381
18020000 0.705438
18030000 0.704461
18040000 0.701279
18050000 0.695963
18060000 0.705198
18070000 0.696158
18080000 0.693251
18090000 0.700829
18100000 0.702089
18110000 0.701846
18120000 0.700102
18130000 0.702269
18140000 0.704403
18150000 0.705412
18160000 0.700519
18170000 0.701716
18180000 0.701092
18190000 0.704148
18200000 0.704357
18210000 0.702962
18220000 0.70405
18230000 0.704552
18240000 0.705135
18250000 0.703856
18260000 0.697563
18270000 0.707697
18280000 0.706726
18290000 0.704297
18300000 0.701348
18310000 0.698851
18320000 0.699763
18330000 0.697338
18340000 0.703137
18350000 0.705822
18360000 0.693211
18370000 0.70003
18380000 0.702737
18390000 0.691231
18400000 0.699054
18410000 0.701587
18420000 0.700475
18430000 0.701625
18440000 0.704044
18450000 0.696185
18460000 0.69531
18470000 0.702117
18480000 0.702898
18490000 0.701537
18500000 0.703601
18510000 0.701655
18520000 0.697071
18530000 0.696221
18540000 0.701933
18550000 0.695003
18560000 0.697912
18570000 0.7009
18580000 0.706416
18590000 0.707485
18600000 0.693613
18610000 0.703161
18620000 0.700255
18630000 0.703542
18640000 0.705532
18650000 0.707034
18660000 0.700897
18670000 0.700952
18680000 0.701291
18690000 0.704807
18700000 0.701226
18710000 0.699094
18720000 0.701716
18730000 0.698429
18740000 0.696767
18750000 0.705484
18760000 0.697449
18770000 0.700559
18780000 0.70295
18790000 0.707085
18800000 0.703976
18810000 0.705207
18820000 0.708858
18830000 0.709858
18840000 0.711273
18850000 0.709019
18860000 0.708075
18870000 0.702706
18880000 0.702823
18890000 0.708902
18900000 0.706909
18910000 0.705254
18920000 0.702055
18930000 0.708835
18940000 0.705384
18950000 0.703982
18960000 0.696772
18970000 0.706499
18980000 0.705653
18990000 0.709171
19000000 0.703857
19010000 0.701705
19020000 0.701288
19030000 0.707515
19040000 0.702449
19050000 0.709123
19060000 0.712045
19070000 0.709715
19080000 0.705379
19090000 0.706653
19100000 0.70889
19110000 0.707861
19120000 0.707225
19130000 0.702725
19140000 0.707823
19150000 0.709999
19160000 0.70489
19170000 0.705064
19180000 0.708027
19190000 0.70265
19200000 0.70475
19210000 0.707244
19220000 0.709548
19230000 0.712113
19240000 0.716179
19250000 0.708216
19260000 0.707312
19270000 0.711061
19280000 0.703828
19290000 0.698945
19300000 0.704737
19310000 0.705309
19320000 0.708051
19330000 0.709008
19340000 0.706825
19350000 0.702005
19360000 0.713778
19370000 0.715086
19380000 0.712443
19390000 0.705378
19400000 0.712465
19410000 0.710038
19420000 0.709096
19430000 0.709451
19440000 0.708215
19450000 0.70273
19460000 0.711075
19470000 0.713498
19480000 0.710112
19490000 0.710912
19500000 0.708395
19510000 0.710127
19520000 0.711252
19530000 0.708642
19540000 0.713057
19550000 0.711267
19560000 0.712375
19570000 0.717676
19580000 0.718022
19590000 0.716438
19600000 0.70933
19610000 0.711807
19620000 0.706606
19630000 0.710434
19640000 0.705949
19650000 0.713377
19660000 0.713524
19670000 0.716696
19680000 0.715705
19690000 0.712783
19700000 0.714627
19710000 0.71473
19720000 0.711272
19730000 0.717686
19740000 0.715556
19750000 0.713333
19760000 0.711418
19770000 0.708251
19780000 0.713765
19790000 0.707532
19800000 0.711067
19810000 0.71535
19820000 0.71777
19830000 0.715955
19840000 0.715292
19850000 0.715262
19860000 0.709041
19870000 0.711618
19880000 0.718379
19890000 0.712583
19900000 0.713796
19910000 0.715809
19920000 0.716339
19930000 0.710875
19940000 0.711881
19950000 0.712866
19960000 0.713875
19970000 0.710684
19980000 0.712773
19990000 0.716131
20000000 0.720798
20010000 0.71569
20020000 0.721409
20030000 0.720257
20040000 0.720186
20050000 0.715324
20060000 0.71697
20070000 0.71627
20080000 0.713246
20090000 0.713221
20100000 0.714759
20110000 0.711611
20120000 0.718855
20130000 0.719227
20140000 0.726236
20150000 0.72047
20160000 0.714619
20170000 0.712919
20180000 0.720095
20190000 0.715547
20200000 0.718122
20210000 0.723655
20220000 0.717178
20230000 0.723427
20240000 0.729179
20250000 0.7222
20260000 0.722518
20270000 0.723864
20280000 0.723146
20290000 0.723842
20300000 0.728728
20310000 0.723535
20320000 0.723696
20330000 0.727006
20340000 0.72277
20350000 0.721674
20360000 0.721188
20370000 0.719414
20380000 0.714918
20390000 0.717281
20400000 0.721473
20410000 0.718918
20420000 0.72216
20430000 0.713911
20440000 0.714045
20450000 0.714598
20460000 0.718232
20470000 0.716348
20480000 0.713032
20490000 0.725048
20500000 0.725265
20510000 0.723357
20520000 0.714338
20530000 0.717883
20540000 0.71632
20550000 0.721652
20560000 0.718477
20570000 0.722445
20580000 0.719445
20590000 0.722745
20600000 0.7244
20610000 0.722883
20620000 0.720128
20630000 0.721259
20640000 0.724802
20650000 0.726389
20660000 0.720079
20670000 0.720437
20680000 0.719072
20690000 0.722761
20700000 0.723527
20710000 0.721599
20720000 0.720111
20730000 0.723593
20740000 0.721736
20750000 0.721734
20760000 0.722303
20770000 0.725784
20780000 0.721344
20790000 0.722019
20800000 0.725034
20810000 0.724971
20820000 0.72792
20830000 0.726609
20840000 0.730841
20850000 0.726522
20860000 0.727784
20870000 0.725158
20880000 0.718559
20890000 0.726272
20900000 0.726337
20910000 0.718209
20920000 0.719879
20930000 0.720203
20940000 0.719727
20950000 0.718771
20960000 0.719471
20970000 0.726114
20980000 0.724594
20990000 0.727931
21000000 0.725588
21010000 0.726728
21020000 0.723284
21030000 0.725441
21040000 0.728335
21050000 0.724284
21060000 0.72356
21070000 0.725133
21080000 0.728412
21090000 0.724991
21100000 0.724942
21110000 0.72732
21120000 0.723278
21130000 0.726351
21140000 0.720362
21150000 0.725275
21160000 0.727843
21170000 0.725642
21180000 0.717444
21190000 0.724292
21200000 0.721243
21210000 0.71316
21220000 0.718461
21230000 0.720784
21240000 0.724299
21250000 0.716303
21260000 0.723322
21270000 0.717697
21280000 0.720414
21290000 0.722049
21300000 0.725919
21310000 0.726533
21320000 0.723387
21330000 0.730022
21340000 0.724672
21350000 0.724036
21360000 0.723012
21370000 0.722644
21380000 0.722198
21390000 0.722046
21400000 0.728734
21410000 0.728112
21420000 0.73061
21430000 0.731693
21440000 0.731876
21450000 0.734187
21460000 0.728348
21470000 0.732598
21480000 0.73046
21490000 0.730962
21500000 0.731242
21510000 0.733144
21520000 0.729053
21530000 0.732246
21540000 0.73316
21550000 0.728252
21560000 0.72718
21570000 0.724636
21580000 0.728892
21590000 0.730679
21600000 0.732108
21610000 0.727313
21620000 0.732377
21630000 0.73397
21640000 0.729328
21650000 0.731515
21660000 0.72428
21670000 0.730997
21680000 0.729211
21690000 0.732693
21700000 0.738084
21710000 0.734017
21720000 0.729112
21730000 0.725157
21740000 0.729834
21750000 0.732737
21760000 0.726912
21770000 0.738914
21780000 0.728221
21790000 0.728052
21800000 0.730482
21810000 0.729722
21820000 0.729525
21830000 0.726618
21840000 0.732966
21850000 0.731756
21860000 0.726522
21870000 0.730461
21880000 0.733422
21890000 0.730106
21900000 0.727972
21910000 0.73158
21920000 0.73133
21930000 0.730015
21940000 0.734145
21950000 0.732554
21960000 0.731147
21970000 0.735175
21980000 0.730631
21990000 0.734247
22000000 0.736203
22010000 0.732044
22020000 0.729128
22030000 0.730245
22040000 0.734739
22050000 0.734229
22060000 0.731303
22070000 0.730496
22080000 0.732271
22090000 0.730209
22100000 0.729441
22110000 0.726199
22120000 0.734082
22130000 0.730982
22140000 0.735247
22150000 0.729282
22160000 0.73231
22170000 0.738833
22180000 0.735577
22190000 0.737365
22200000 0.734683
22210000 0.737577
22220000 0.734253
22230000 0.737364
22240000 0.737209
22250000 0.73657
22260000 0.735079
22270000 0.73131
22280000 0.731108
22290000 0.735352
22300000 0.729734
22310000 0.734695
22320000 0.728534
22330000 0.729282
22340000 0.728939
22350000 0.729625
22360000 0.731848
22370000 0.737248
22380000 0.729635
22390000 0.731535
22400000 0.738842
22410000 0.737866
22420000 0.736172
22430000 0.730774
22440000 0.729248
22450000 0.733489
22460000 0.737632
22470000 0.734018
22480000 0.724571
22490000 0.730422
22500000 0.732052
22510000 0.731758
22520000 0.741309
22530000 0.734142
22540000 0.732893
22550000 0.739925
22560000 0.734057
22570000 0.738254
22580000 0.731707
22590000 0.733706
22600000 0.73217
22610000 0.728643
22620000 0.733491
22630000 0.732269
22640000 0.733135
22650000 0.73806
22660000 0.737614
22670000 0.735399
22680000 0.736533
22690000 0.7345
22700000 0.736113
22710000 0.731705
22720000 0.737875
22730000 0.730804
22740000 0.730368
22750000 0.735206
22760000 0.730191
22770000 0.733503
22780000 0.739858
22790000 0.732895
22800000 0.739427
22810000 0.73283
22820000 0.736065
22830000 0.736444
22840000 0.737773
22850000 0.734016
22860000 0.739434
22870000 0.741869
22880000 0.742928
22890000 0.738661
22900000 0.742145
22910000 0.73955
22920000 0.744154
22930000 0.745897
22940000 0.741442
22950000 0.743743
22960000 0.743216
22970000 0.739412
22980000 0.742337
22990000 0.738765
23000000 0.736588
23010000 0.732984
23020000 0.746546
23030000 0.737614
23040000 0.74154
23050000 0.738853
23060000 0.73895
23070000 0.734463
23080000 0.733653
23090000 0.73791
23100000 0.742667
23110000 0.743573
23120000 0.741227
23130000 0.733627
23140000 0.742287
23150000 0.741686
23160000 0.738077
23170000 0.738348
23180000 0.735685
23190000 0.743046
23200000 0.742489
23210000 0.747835
23220000 0.748768
23230000 0.746226
23240000 0.745079
23250000 0.742968
23260000 0.74102
23270000 0.740311
23280000 0.744586
23290000 0.747471
23300000 0.743665
23310000 0.742013
23320000 0.741189
23330000 0.741187
23340000 0.737265
23350000 0.741823
23360000 0.74256
23370000 0.739711
23380000 0.746356
23390000 0.74486
23400000 0.744965
23410000 0.744618
23420000 0.746069
23430000 0.742449
23440000 0.744277
23450000 0.744435
23460000 0.743621
23470000 0.746841
23480000 0.750052
23490000 0.746484
23500000 0.745805
23510000 0.740778
23520000 0.74496
23530000 0.746803
23540000 0.750557
23550000 0.74598
23560000 0.744192
23570000 0.746501
23580000 0.739359
23590000 0.744504
23600000 0.744262
23610000 0.747788
23620000 0.744073
23630000 0.744225
23640000 0.747361
23650000 0.742521
23660000 0.746468
23670000 0.747215
23680000 0.749665
23690000 0.74522
23700000 0.745939
23710000 0.748939
23720000 0.746988
23730000 0.743886
23740000 0.746673
23750000 0.744303
23760000 0.750498
23770000 0.740414
23780000 0.740264
23790000 0.74772
23800000 0.741119
23810000 0.745701
23820000 0.738448
23830000 0.740312
23840000 0.740394
23850000 0.746951
23860000 0.744882
23870000 0.746614
23880000 0.746536
23890000 0.752726
23900000 0.744972
23910000 0.737115
23920000 0.743544
23930000 0.74643
23940000 0.743613
23950000 0.738429
23960000 0.745696
23970000 0.747627
23980000 0.745682
23990000 0.74838
24000000 0.749767
24010000 0.752877
24020000 0.746563
24030000 0.753329
24040000 0.746659
24050000 0.745118
24060000 0.745842
24070000 0.741904
24080000 0.741303
24090000 0.747983
24100000 0.745197
24110000 0.748052
24120000 0.746946
24130000 0.749232
24140000 0.749692
24150000 0.751459
24160000 0.748127
24170000 0.755656
24180000 0.753383
24190000 0.750582
24200000 0.746125
24210000 0.749855
24220000 0.748806
24230000 0.750495
24240000 0.752109
24250000 0.745176
24260000 0.74554
24270000 0.747944
24280000 0.752072
24290000 0.750335
24300000 0.747792
24310000 0.743075
24320000 0.745762
24330000 0.744107
24340000 0.746013
24350000 0.745079
24360000 0.747134
24370000 0.744095
24380000 0.744847
24390000 0.751616
24400000 0.752361
24410000 0.751305
24420000 0.754432
24430000 0.752366
24440000 0.746069
24450000 0.747624
24460000 0.747768
24470000 0.747805
24480000 0.745532
24490000 0.752687
24500000 0.752571
24510000 0.745421
24520000 0.75032
24530000 0.749069
24540000 0.752541
24550000 0.748402
24560000 0.749954
24570000 0.749323
24580000 0.749264
24590000 0.753037
24600000 0.749844
24610000 0.749674
24620000 0.747691
24630000 0.751024
24640000 0.74821
24650000 0.748663
24660000 0.755409
24670000 0.755018
24680000 0.755442
24690000 0.751234
24700000 0.750557
24710000 0.752504
24720000 0.751611
24730000 0.751595
24740000 0.752398
24750000 0.753322
24760000 0.755521
24770000 0.754709
24780000 0.754259
24790000 0.750596
24800000 0.744959
24810000 0.752436
24820000 0.749818
24830000 0.741499
24840000 0.748444
24850000 0.74626
24860000 0.752763
24870000 0.748711
24880000 0.749527
24890000 0.751078
24900000 0.748548
24910000 0.749278
24920000 0.750444
24930000 0.750564
24940000 0.74311
24950000 0.744716
24960000 0.748356
24970000 0.751382
24980000 0.749022
24990000 0.757357
25000000 0.752962
25010000 0.748563
25020000 0.756523
25030000 0.752446
25040000 0.752913
25050000 0.762399
25060000 0.759001
25070000 0.754281
25080000 0.753398
25090000 0.754177
25100000 0.750848
25110000 0.754554
25120000 0.751141
25130000 0.748331
25140000 0.751372
25150000 0.746283
25160000 0.749764
25170000 0.756854
25180000 0.758481
25190000 0.74987
25200000 0.748495
25210000 0.74716
25220000 0.750791
25230000 0.74754
25240000 0.752429
25250000 0.756316
25260000 0.747506
25270000 0.747981
25280000 0.749209
25290000 0.746611
25300000 0.749504
25310000 0.743265
25320000 0.748631
25330000 0.751971
25340000 0.751553
25350000 0.752298
25360000 0.747682
25370000 0.751746
25380000 0.759613
25390000 0.759485
25400000 0.758439
25410000 0.757993
25420000 0.749096
25430000 0.755667
25440000 0.753747
25450000 0.753049
25460000 0.753896
25470000 0.752957
25480000 0.745066
25490000 0.74867
25500000 0.754268
25510000 0.759576
25520000 0.755571
25530000 0.754418
25540000 0.758035
25550000 0.749594
25560000 0.756916
25570000 0.759992
25580000 0.749044
25590000 0.758177
25600000 0.753697
25610000 0.753398
25620000 0.755292
25630000 0.75058
25640000 0.755508
25650000 0.763145
25660000 0.76113
25670000 0.757712
25680000 0.75702
25690000 0.757881
25700000 0.758266
25710000 0.761733
25720000 0.761487
25730000 0.75568
25740000 0.750251
25750000 0.753698
25760000 0.760238
25770000 0.758975
25780000 0.759294
25790000 0.756111
25800000 0.757879
25810000 0.764068
25820000 0.75875
25830000 0.757934
25840000 0.755226
25850000 0.753239
25860000 0.75691
25870000 0.758012
25880000 0.762956
25890000 0.757078
25900000 0.754888
25910000 0.75689
25920000 0.759801
25930000 0.760919
25940000 0.764262
25950000 0.757291
25960000 0.755113
25970000 0.760988
25980000 0.755827
25990000 0.760696
26000000 0.760787
26010000 0.76301
26020000 0.759958
26030000 0.760905
26040000 0.761655
26050000 0.763973
26060000 0.757458
26070000 0.764945
26080000 0.757213
26090000 0.762583
26100000 0.766836
26110000 0.765037
26120000 0.75682
26130000 0.76384
26140000 0.758298
26150000 0.754228
26160000 0.759176
26170000 0.761635
26180000 0.764893
26190000 0.762428
26200000 0.75875
26210000 0.75946
26220000 0.760634
26230000 0.764828
26240000 0.76075
26250000 0.762494
26260000 0.755473
26270000 0.758069
26280000 0.75616
26290000 0.755097
26300000 0.76123
26310000 0.754326
26320000 0.757615
26330000 0.756637
26340000 0.758213
26350000 0.759936
26360000 0.754349
26370000 0.761606
26380000 0.761316
26390000 0.751967
26400000 0.756612
26410000 0.759644
26420000 0.753557
26430000 0.753739
26440000 0.762364
26450000 0.756212
26460000 0.757652
26470000 0.762409
26480000 0.757506
26490000 0.763426
26500000 0.755651
26510000 0.762842
26520000 0.762469
26530000 0.7629
26540000 0.761324
26550000 0.755809
26560000 0.761366
26570000 0.759983
26580000 0.757734
26590000 0.76795
26600000 0.763487
26610000 0.761314
26620000 0.765328
26630000 0.765643
26640000 0.758405
26650000 0.763086
26660000 0.763733
26670000 0.759094
26680000 0.76177
26690000 0.757967
26700000 0.757187
26710000 0.760781
26720000 0.756551
26730000 0.761521
26740000 0.762329
26750000 0.758895
26760000 0.762809
26770000 0.763473
26780000 0.765753
26790000 0.765515
26800000 0.771468
26810000 0.765368
26820000 0.76112
26830000 0.76204
26840000 0.763721
26850000 0.764271
26860000 0.762357
26870000 0.770063
26880000 0.763114
26890000 0.76003
26900000 0.764418
26910000 0.759708
26920000 0.76435
26930000 0.759399
26940000 0.759977
26950000 0.758065
26960000 0.761885
26970000 0.762773
26980000 0.758189
26990000 0.761085
27000000 0.763009
27010000 0.758197
27020000 0.757785
27030000 0.763238
27040000 0.765005
27050000 0.761898
27060000 0.759916
27070000 0.765782
27080000 0.764182
27090000 0.765385
27100000 0.761931
27110000 0.762234
27120000 0.759306
27130000 0.765744
27140000 0.768167
27150000 0.767672
27160000 0.769153
27170000 0.770624
27180000 0.765413
27190000 0.763031
27200000 0.760989
27210000 0.763436
27220000 0.763285
27230000 0.761627
27240000 0.764712
27250000 0.765174
27260000 0.769388
27270000 0.770309
27280000 0.762949
27290000 0.759946
27300000 0.763704
27310000 0.764022
27320000 0.765003
27330000 0.763704
27340000 0.75925
27350000 0.759686
27360000 0.765703
27370000 0.760603
27380000 0.765421
27390000 0.767428
27400000 0.766403
27410000 0.764089
27420000 0.76444
27430000 0.766164
27440000 0.771207
27450000 0.766319
27460000 0.764747
27470000 0.766827
27480000 0.769242
27490000 0.769738
27500000 0.764578
27510000 0.767995
27520000 0.772003
27530000 0.767688
27540000 0.767873
27550000 0.769183
27560000 0.763955
27570000 0.764179
27580000 0.765831
27590000 0.761855
27600000 0.761311
27610000 0.759595
27620000 0.763201
27630000 0.766313
27640000 0.761245
27650000 0.768221
27660000 0.773258
27670000 0.770423
27680000 0.773519
27690000 0.772755
27700000 0.776415
27710000 0.765553
27720000 0.770186
27730000 0.765894
27740000 0.764961
27750000 0.769383
27760000 0.770128
27770000 0.767841
27780000 0.767685
27790000 0.766857
27800000 0.765003
27810000 0.766546
27820000 0.773684
27830000 0.765349
27840000 0.767343
27850000 0.766289
27860000 0.765369
27870000 0.764592
27880000 0.764524
27890000 0.762369
27900000 0.770615
27910000 0.758901
27920000 0.767698
27930000 0.764659
27940000 0.761923
27950000 0.765485
27960000 0.757991
27970000 0.761868
27980000 0.76213
27990000 0.758045
28000000 0.765069
28010000 0.760751
28020000 0.760361
28030000 0.764127
28040000 0.765545
28050000 0.764865
28060000 0.765102
28070000 0.765619
28080000 0.762783
28090000 0.761398
28100000 0.763789
28110000 0.763481
28120000 0.762907
28130000 0.764756
28140000 0.764949
28150000 0.764764
28160000 0.766946
28170000 0.771989
28180000 0.765524
28190000 0.771645
28200000 0.768125
28210000 0.769994
28220000 0.768432
28230000 0.765087
28240000 0.770007
28250000 0.764501
28260000 0.769136
28270000 0.770129
28280000 0.762191
28290000 0.769444
28300000 0.767298
28310000 0.769501
28320000 0.765031
28330000 0.761482
28340000 0.763325
28350000 0.768037
28360000 0.762047
28370000 0.767215
28380000 0.76016
28390000 0.759748
28400000 0.764389
28410000 0.7655
28420000 0.760082
28430000 0.763193
28440000 0.757888
28450000 0.764273
28460000 0.76449
28470000 0.767747
28480000 0.763633
28490000 0.770669
28500000 0.769577
28510000 0.767486
28520000 0.766918
28530000 0.768555
28540000 0.765239
28550000 0.768548
28560000 0.762885
28570000 0.766406
28580000 0.768023
28590000 0.767346
28600000 0.759652
28610000 0.761607
28620000 0.762252
28630000 0.765035
28640000 0.762264
28650000 0.762551
28660000 0.769969
28670000 0.769469
28680000 0.770183
28690000 0.768494
28700000 0.761014
28710000 0.76555
28720000 0.766303
28730000 0.765112
28740000 0.761876
28750000 0.764912
28760000 0.764791
28770000 0.764844
28780000 0.76494
28790000 0.766393
28800000 0.76334
28810000 0.763073
28820000 0.762444
28830000 0.765189
28840000 0.760982
28850000 0.7658
28860000 0.761688
28870000 0.767703
28880000 0.77036
28890000 0.770965
28900000 0.771129
28910000 0.767479
28920000 0.771894
28930000 0.767892
28940000 0.760077
28950000 0.765268
28960000 0.756215
28970000 0.763933
28980000 0.76712
28990000 0.767866
29000000 0.76332
29010000 0.763398
29020000 0.769768
29030000 0.764533
29040000 0.765556
29050000 0.760659
29060000 0.759615
29070000 0.767981
29080000 0.769076
29090000 0.766287
29100000 0.767109
29110000 0.771276
29120000 0.772389
29130000 0.763388
29140000 0.763322
29150000 0.759611
29160000 0.762645
29170000 0.760217
29180000 0.767129
29190000 0.766803
29200000 0.767038
29210000 0.759691
29220000 0.767821
29230000 0.770532
29240000 0.767262
29250000 0.769594
29260000 0.770246
29270000 0.766052
29280000 0.767485
29290000 0.769152
29300000 0.768941
29310000 0.764987
29320000 0.768555
29330000 0.770104
29340000 0.769258
29350000 0.766737
29360000 0.769931
29370000 0.767691
29380000 0.763597
29390000 0.765685
29400000 0.7629
29410000 0.762633
29420000 0.765369
29430000 0.766658
29440000 0.771001
29450000 0.769712
29460000 0.770434
29470000 0.764154
29480000 0.773511
29490000 0.777438
29500000 0.772663
29510000 0.776955
29520000 0.770986
29530000 0.767143
29540000 0.765335
29550000 0.766722
29560000 0.769437
29570000 0.767262
29580000 0.760862
29590000 0.776253
29600000 0.771578
29610000 0.769268
29620000 0.768076
29630000 0.777416
29640000 0.770591
29650000 0.766138
29660000 0.767575
29670000 0.76939
29680000 0.772126
29690000 0.762517
29700000 0.762535
29710000 0.763921
29720000 0.763511
29730000 0.7642
29740000 0.764245
29750000 0.762243
29760000 0.763933
29770000 0.762295
29780000 0.759928
29790000 0.766303
29800000 0.76586
29810000 0.760459
29820000 0.764369
29830000 0.768619
29840000 0.767073
29850000 0.763629
29860000 0.768993
29870000 0.768187
29880000 0.766617
29890000 0.76489
29900000 0.767184
29910000 0.765698
29920000 0.76225
29930000 0.760079
29940000 0.764892
29950000 0.760575
29960000 0.76339
29970000 0.770441
29980000 0.766921
29990000 0.765528
30000000 0.766065
30010000 0.762267
30020000 0.762421
30030000 0.764588
30040000 0.766525
30050000 0.7733
30060000 0.762049
30070000 0.768286
30080000 0.7631
30090000 0.765092
30100000 0.764651
30110000 0.766679
30120000 0.766871
30130000 0.766944
30140000 0.77209
30150000 0.769225
30160000 0.76602
30170000 0.767232
30180000 0.770052
30190000 0.767101
30200000 0.772462
30210000 0.769616
30220000 0.762436
30230000 0.758426
30240000 0.763482
30250000 0.763864
30260000 0.763553
30270000 0.767037
30280000 0.76916
30290000 0.770084
30300000 0.764146
30310000 0.766576
30320000 0.765684
30330000 0.763885
30340000 0.769622
30350000 0.766963
30360000 0.76656
30370000 0.764803
30380000 0.76894
30390000 0.770909
30400000 0.771363
30410000 0.765624
30420000 0.766379
30430000 0.762429
30440000 0.764848
30450000 0.76361
30460000 0.767152
30470000 0.765765
30480000 0.769814
30490000 0.773368
30500000 0.769151
30510000 0.767658
30520000 0.771665
30530000 0.774141
30540000 0.766287
30550000 0.76944
30560000 0.772546
30570000 0.768766
30580000 0.773745
30590000 0.774131
30600000 0.76743
30610000 0.772083
30620000 0.770794
30630000 0.76822
30640000 0.765909
30650000 0.772675
30660000 0.76996
30670000 0.769027
30680000 0.769107
30690000 0.76757
30700000 0.764904
30710000 0.770406
30720000 0.773443
30730000 0.77159
30740000 0.767628
30750000 0.768811
30760000 0.774341
30770000 0.766899
30780000 0.769683
30790000 0.767837
30800000 0.769023
30810000 0.766364
30820000 0.764661
30830000 0.770069
30840000 0.769768
30850000 0.767063
30860000 0.764446
30870000 0.765629
30880000 0.761116
30890000 0.763208
30900000 0.763567
30910000 0.771251
30920000 0.770193
30930000 0.769799
30940000 0.768306
30950000 0.774742
30960000 0.768449
30970000 0.771158
30980000 0.771098
30990000 0.772892
31000000 0.772187
31010000 0.773377
31020000 0.773436
31030000 0.767518
31040000 0.776217
31050000 0.773994
31060000 0.770992
31070000 0.772302
31080000 0.76731
31090000 0.769884
31100000 0.776157
31110000 0.765097
31120000 0.767979
31130000 0.773939
31140000 0.773173
31150000 0.769227
31160000 0.772421
31170000 0.771938
31180000 0.769671
31190000 0.768296
31200000 0.774579
31210000 0.769464
31220000 0.769999
31230000 0.77406
31240000 0.768476
31250000 0.772488
31260000 0.769021
31270000 0.77769
31280000 0.769869
31290000 0.770819
31300000 0.768773
31310000 0.769236
31320000 0.77121
31330000 0.766569
31340000 0.775454
31350000 0.774484
31360000 0.769524
31370000 0.769264
31380000 0.767793
31390000 0.77268
31400000 0.778669
31410000 0.771495
31420000 0.773959
31430000 0.778115
31440000 0.777093
31450000 0.776212
31460000 0.772046
31470000 0.776401
31480000 0.769633
31490000 0.770785
31500000 0.770637
31510000 0.770394
31520000 0.775185
31530000 0.770773
31540000 0.772259
31550000 0.775127
31560000 0.770218
31570000 0.771882
31580000 0.770265
31590000 0.775295
31600000 0.7707
31610000 0.768343
31620000 0.770305
31630000 0.775748
31640000 0.769597
31650000 0.770851
31660000 0.773444
31670000 0.772171
31680000 0.770879
31690000 0.771149
31700000 0.770189
31710000 0.769509
31720000 0.772885
31730000 0.768988
31740000 0.767177
31750000 0.771309
31760000 0.770968
31770000 0.769776
31780000 0.773337
31790000 0.769539
31800000 0.767045
31810000 0.766414
31820000 0.768997
31830000 0.775088
31840000 0.772734
31850000 0.771693
31860000 0.768478
31870000 0.770753
31880000 0.776436
31890000 0.773247
31900000 0.778792
31910000 0.770873
31920000 0.769823
31930000 0.771176
31940000 0.775104
31950000 0.771532
31960000 0.776208
31970000 0.772823
31980000 0.775229
31990000 0.775674
32000000 0.776596
32010000 0.777165
32020000 0.777225
32030000 0.778723
32040000 0.776465
32050000 0.772559
32060000 0.776945
32070000 0.78207
32080000 0.782386
32090000 0.779452
32100000 0.773309
32110000 0.777789
32120000 0.778082
32130000 0.776203
32140000 0.779456
32150000 0.776729
32160000 0.773519
32170000 0.776676
32180000 0.778372
32190000 0.780425
32200000 0.774453
32210000 0.770834
32220000 0.775532
32230000 0.778544
32240000 0.771406
32250000 0.776719
32260000 0.772106
32270000 0.775152
32280000 0.775644
32290000 0.778043
32300000 0.776208
32310000 0.776314
32320000 0.775519
32330000 0.781819
32340000 0.772985
32350000 0.775106
32360000 0.772711
32370000 0.769852
32380000 0.780499
32390000 0.782622
32400000 0.776994
32410000 0.777675
32420000 0.786457
32430000 0.780205
32440000 0.780767
32450000 0.775866
32460000 0.77578
32470000 0.779787
32480000 0.780205
32490000 0.781037
32500000 0.776395
32510000 0.780268
32520000 0.775751
32530000 0.779666
32540000 0.772763
32550000 0.771837
32560000 0.777576
32570000 0.775891
32580000 0.777082
32590000 0.775286
32600000 0.773435
32610000 0.779855
32620000 0.77859
32630000 0.77665
32640000 0.774277
32650000 0.777084
32660000 0.775758
32670000 0.770085
32680000 0.76871
32690000 0.776969
32700000 0.778735
32710000 0.773192
32720000 0.776294
32730000 0.779802
32740000 0.776223
32750000 0.775485
32760000 0.780347
32770000 0.778556
32780000 0.770436
32790000 0.76921
32800000 0.770251
32810000 0.782692
32820000 0.777506
32830000 0.775525
32840000 0.777792
32850000 0.777392
32860000 0.780714
32870000 0.77811
32880000 0.77585
32890000 0.774824
32900000 0.773422
32910000 0.779657
32920000 0.775924
32930000 0.775958
32940000 0.780768
32950000 0.77092
32960000 0.780939
32970000 0.778859
32980000 0.780348
32990000 0.777962
33000000 0.7707
33010000 0.777306
33020000 0.779663
33030000 0.783759
33040000 0.778919
33050000 0.776595
33060000 0.774826
33070000 0.776321
33080000 0.784779
33090000 0.785789
33100000 0.77762
33110000 0.776777
33120000 0.782635
33130000 0.782248
33140000 0.779667
33150000 0.782029
33160000 0.783759
33170000 0.779572
33180000 0.785268
33190000 0.784476
33200000 0.782999
33210000 0.787388
33220000 0.787085
33230000 0.787435
33240000 0.783303
33250000 0.785695
33260000 0.785051
33270000 0.782836
33280000 0.781603
33290000 0.782539
33300000 0.781996
33310000 0.777344
33320000 0.783337
33330000 0.781798
33340000 0.781781
33350000 0.781371
33360000 0.779307
33370000 0.782857
33380000 0.783199
33390000 0.779326
33400000 0.786442
33410000 0.781706
33420000 0.781952
33430000 0.779823
33440000 0.774234
33450000 0.778311
33460000 0.783964
33470000 0.782527
33480000 0.780373
33490000 0.775561
33500000 0.7821
33510000 0.779475
33520000 0.779858
33530000 0.776458
33540000 0.78087
33550000 0.778202
33560000 0.780962
33570000 0.783297
33580000 0.78059
33590000 0.779565
33600000 0.782668
33610000 0.777569
33620000 0.779694
33630000 0.779985
33640000 0.781821
33650000 0.781458
33660000 0.777963
33670000 0.779945
33680000 0.77686
33690000 0.776906
33700000 0.778658
33710000 0.784777
33720000 0.785218
33730000 0.778762
33740000 0.782655
33750000 0.788154
33760000 0.78383
33770000 0.783555
33780000 0.784482
33790000 0.782834
33800000 0.780919
33810000 0.777414
33820000 0.777332
33830000 0.776222
33840000 0.781185
33850000 0.781112
33860000 0.779479
33870000 0.775901
33880000 0.781562
33890000 0.777478
33900000 0.780387
33910000 0.779615
33920000 0.777416
33930000 0.781751
33940000 0.783601
33950000 0.786929
33960000 0.78117
33970000 0.776919
33980000 0.776044
33990000 0.781556
34000000 0.781703
34010000 0.778961
34020000 0.7778
34030000 0.772165
34040000 0.770741
34050000 0.769989
34060000 0.773146
34070000 0.777789
34080000 0.778005
34090000 0.77784
34100000 0.778242
34110000 0.779226
34120000 0.771221
34130000 0.778678
34140000 0.779492
34150000 0.776068
34160000 0.77578
34170000 0.771989
34180000 0.77506
34190000 0.775769
34200000 0.780741
34210000 0.779983
34220000 0.782401
34230000 0.787256
34240000 0.782381
34250000 0.779521
34260000 0.783719
34270000 0.778192
34280000 0.779431
34290000 0.780996
34300000 0.785351
34310000 0.785749
34320000 0.785947
34330000 0.777417
34340000 0.785218
34350000 0.782218
34360000 0.787918
34370000 0.780947
34380000 0.781324
34390000 0.787794
34400000 0.777443
34410000 0.786313
34420000 0.788397
34430000 0.787183
34440000 0.784108
34450000 0.780555
34460000 0.783907
34470000 0.77863
34480000 0.783048
34490000 0.783099
34500000 0.783674
34510000 0.779016
34520000 0.778082
34530000 0.788065
34540000 0.786727
34550000 0.784928
34560000 0.785122
34570000 0.785196
34580000 0.781532
34590000 0.783891
34600000 0.784053
34610000 0.781771
34620000 0.785654
34630000 0.783587
34640000 0.781107
34650000 0.781891
34660000 0.786641
34670000 0.782119
34680000 0.786856
34690000 0.783032
34700000 0.785478
34710000 0.785429
34720000 0.789641
34730000 0.78759
34740000 0.790575
34750000 0.788778
34760000 0.787513
34770000 0.783197
34780000 0.784501
34790000 0.789938
34800000 0.782385
34810000 0.788148
34820000 0.784116
34830000 0.788424
34840000 0.787783
34850000 0.787118
34860000 0.785902
34870000 0.780531
34880000 0.786104
34890000 0.784861
34900000 0.782518
34910000 0.779919
34920000 0.781502
34930000 0.786279
34940000 0.780592
34950000 0.787088
34960000 0.789445
34970000 0.785809
34980000 0.788167
34990000 0.789254
35000000 0.782985
35010000 0.783502
35020000 0.784513
35030000 0.785058
35040000 0.78322
35050000 0.779685
35060000 0.782523
35070000 0.785573
35080000 0.783103
35090000 0.783638
35100000 0.780625
35110000 0.7794
35120000 0.783783
35130000 0.784538
35140000 0.781141
35150000 0.779053
35160000 0.773067
35170000 0.778347
35180000 0.784667
35190000 0.783808
35200000 0.783434
35210000 0.783585
35220000 0.783725
35230000 0.787643
35240000 0.792099
35250000 0.790077
35260000 0.783444
35270000 0.782475
35280000 0.78863
35290000 0.78155
35300000 0.781949
35310000 0.783613
35320000 0.791244
35330000 0.78767
35340000 0.792818
35350000 0.791882
35360000 0.78888
35370000 0.78821
35380000 0.787487
35390000 0.787644
35400000 0.782232
35410000 0.788961
35420000 0.789063
35430000 0.787343
35440000 0.788688
35450000 0.789186
35460000 0.783871
35470000 0.787624
35480000 0.789723
35490000 0.787914
35500000 0.784961
35510000 0.782807
35520000 0.787969
35530000 0.786026
35540000 0.789804
35550000 0.784465
35560000 0.786968
35570000 0.779879
35580000 0.787399
35590000 0.784515
35600000 0.787028
35610000 0.788627
35620000 0.786917
35630000 0.786129
35640000 0.783628
35650000 0.786004
35660000 0.789202
35670000 0.78475
35680000 0.789622
35690000 0.781056
35700000 0.7855
35710000 0.779929
35720000 0.785003
35730000 0.783824
35740000 0.791531
35750000 0.78949
35760000 0.787948
35770000 0.781628
35780000 0.783766
35790000 0.785517
35800000 0.787053
35810000 0.785283
35820000 0.784894
35830000 0.780492
35840000 0.783057
35850000 0.77824
35860000 0.778389
35870000 0.783574
35880000 0.786101
35890000 0.786079
35900000 0.777394
35910000 0.783876
35920000 0.784246
35930000 0.785377
35940000 0.77955
35950000 0.784246
35960000 0.784976
35970000 0.78302
35980000 0.783041
35990000 0.784667
36000000 0.784637
36010000 0.78605
36020000 0.787039
36030000 0.781753
36040000 0.780346
36050000 0.781587
36060000 0.780106
36070000 0.780934
36080000 0.782399
36090000 0.785244
36100000 0.782627
36110000 0.782734
36120000 0.791512
36130000 0.777741
36140000 0.781872
36150000 0.782482
36160000 0.784168
36170000 0.780168
36180000 0.783815
36190000 0.787322
36200000 0.776754
36210000 0.783043
36220000 0.783458
36230000 0.784816
36240000 0.783085
36250000 0.791187
36260000 0.785081
36270000 0.785192
36280000 0.787855
36290000 0.789022
36300000 0.783308
36310000 0.784441
36320000 0.783327
36330000 0.781917
36340000 0.781781
36350000 0.781566
36360000 0.781744
36370000 0.786314
36380000 0.789166
36390000 0.79023
36400000 0.785929
36410000 0.783031
36420000 0.778894
36430000 0.785423
36440000 0.78675
36450000 0.788789
36460000 0.783168
36470000 0.781488
36480000 0.789715
36490000 0.78078
36500000 0.782029
36510000 0.785385
36520000 0.784691
36530000 0.786761
36540000 0.784364
36550000 0.782262
36560000 0.786638
36570000 0.785772
36580000 0.786636
36590000 0.786058
36600000 0.788268
36610000 0.785237
36620000 0.785842
36630000 0.786124
36640000 0.781301
36650000 0.784017
36660000 0.783371
36670000 0.782538
36680000 0.784554
36690000 0.784487
36700000 0.787775
36710000 0.787399
36720000 0.784442
36730000 0.785844
36740000 0.785164
36750000 0.786587
36760000 0.787336
36770000 0.781824
36780000 0.783717
36790000 0.787642
36800000 0.789373
36810000 0.784765
36820000 0.786422
36830000 0.784236
36840000 0.788645
36850000 0.785998
36860000 0.782827
36870000 0.785552
36880000 0.783091
36890000 0.786037
36900000 0.788364
36910000 0.785291
36920000 0.784869
36930000 0.788087
36940000 0.789335
36950000 0.791821
36960000 0.788661
36970000 0.789022
36980000 0.786959
36990000 0.787835
37000000 0.785539
37010000 0.789355
37020000 0.785822
37030000 0.789224
37040000 0.790599
37050000 0.787183
37060000 0.791076
37070000 0.794596
37080000 0.79278
37090000 0.789438
37100000 0.791024
37110000 0.786174
37120000 0.787156
37130000 0.792266
37140000 0.790167
37150000 0.793081
37160000 0.790203
37170000 0.789292
37180000 0.788422
37190000 0.782122
37200000 0.783414
37210000 0.786881
37220000 0.788915
37230000 0.794533
37240000 0.788757
37250000 0.790704
37260000 0.786752
37270000 0.788428
37280000 0.790857
37290000 0.794475
37300000 0.791026
37310000 0.786987
37320000 0.797457
37330000 0.789759
37340000 0.792406
37350000 0.793191
37360000 0.785043
37370000 0.789336
37380000 0.791919
37390000 0.78112
37400000 0.788693
37410000 0.78692
37420000 0.788232
37430000 0.788772
37440000 0.79309
37450000 0.795065
37460000 0.787686
37470000 0.79158
37480000 0.784588
37490000 0.783111
37500000 0.788781
37510000 0.781659
37520000 0.787471
37530000 0.786047
37540000 0.787937
37550000 0.785966
37560000 0.782721
37570000 0.788969
37580000 0.787167
37590000 0.787348
37600000 0.792344
37610000 0.789617
37620000 0.786939
37630000 0.785932
37640000 0.788054
37650000 0.788153
37660000 0.783718
37670000 0.785922
37680000 0.790624
37690000 0.787682
37700000 0.786864
37710000 0.795121
37720000 0.789659
37730000 0.790115
37740000 0.787968
37750000 0.786693
37760000 0.791943
37770000 0.788544
37780000 0.791856
37790000 0.789311
37800000 0.785224
37810000 0.781952
37820000 0.785099
37830000 0.788314
37840000 0.790092
37850000 0.787507
37860000 0.782383
37870000 0.786465
37880000 0.779705
37890000 0.787704
37900000 0.788151
37910000 0.784451
37920000 0.783763
37930000 0.786421
37940000 0.786625
37950000 0.781354
37960000 0.785124
37970000 0.784929
37980000 0.785284
37990000 0.78726
38000000 0.783665
38010000 0.785468
38020000 0.781881
38030000 0.784474
38040000 0.782738
38050000 0.777834
38060000 0.7851
38070000 0.791981
38080000 0.781668
38090000 0.788951
38100000 0.786784
38110000 0.783006
38120000 0.787406
38130000 0.783026
38140000 0.783012
38150000 0.788678
38160000 0.78428
38170000 0.786823
38180000 0.787883
38190000 0.792014
38200000 0.785808
38210000 0.785228
38220000 0.790375
38230000 0.792282
38240000 0.789299
38250000 0.789894
38260000 0.78605
38270000 0.786397
38280000 0.783006
38290000 0.786463
38300000 0.782223
38310000 0.78771
38320000 0.78622
38330000 0.790423
38340000 0.781478
38350000 0.787439
38360000 0.784539
38370000 0.792877
38380000 0.789839
38390000 0.790574
38400000 0.793247
38410000 0.79009
38420000 0.785579
38430000 0.783417
38440000 0.789479
38450000 0.789389
38460000 0.786897
38470000 0.787518
38480000 0.789493
38490000 0.789777
38500000 0.787458
38510000 0.788973
38520000 0.786224
38530000 0.78658
38540000 0.787131
38550000 0.785146
38560000 0.788385
38570000 0.790322
38580000 0.787144
38590000 0.786764
38600000 0.781997
38610000 0.785212
38620000 0.78866
38630000 0.786441
38640000 0.787481
38650000 0.783227
38660000 0.789818
38670000 0.786828
38680000 0.783065
38690000 0.782381
38700000 0.781813
38710000 0.787756
38720000 0.781379
38730000 0.788396
38740000 0.786247
38750000 0.788896
38760000 0.792209
38770000 0.790961
38780000 0.794432
38790000 0.79896
38800000 0.787815
38810000 0.788656
38820000 0.793399
38830000 0.788679
38840000 0.786466
38850000 0.792308
38860000 0.798756
38870000 0.795117
38880000 0.787946
38890000 0.788693
38900000 0.785652
38910000 0.791256
38920000 0.786393
38930000 0.791589
38940000 0.781282
38950000 0.791539
38960000 0.793276
38970000 0.786229
38980000 0.783591
38990000 0.785249
39000000 0.789848
39010000 0.789346
39020000 0.790672
39030000 0.788669
39040000 0.789321
39050000 0.78946
39060000 0.7936
39070000 0.791386
39080000 0.787531
39090000 0.790378
39100000 0.797274
39110000 0.792327
39120000 0.798101
39130000 0.797347
39140000 0.791972
39150000 0.794303
39160000 0.790918
39170000 0.787245
39180000 0.79491
39190000 0.793458
39200000 0.789209
39210000 0.796655
39220000 0.793865
39230000 0.790775
39240000 0.790639
39250000 0.791244
39260000 0.794995
39270000 0.789007
39280000 0.787918
39290000 0.785532
39300000 0.792702
39310000 0.793424
39320000 0.795853
39330000 0.792197
39340000 0.791166
39350000 0.790991
39360000 0.794465
39370000 0.793101
39380000 0.789827
39390000 0.788823
39400000 0.788562
39410000 0.79037
39420000 0.796746
39430000 0.792456
39440000 0.792449
39450000 0.793276
39460000 0.78736
39470000 0.785122
39480000 0.784451
39490000 0.79222
39500000 0.79212
39510000 0.794423
39520000 0.792061
39530000 0.793979
39540000 0.791772
39550000 0.794441
39560000 0.790411
39570000 0.79575
39580000 0.793458
39590000 0.794565
39600000 0.791526
39610000 0.792204
39620000 0.789695
39630000 0.794893
39640000 0.787992
39650000 0.796808
39660000 0.797843
39670000 0.792753
39680000 0.794069
39690000 0.789983
39700000 0.788744
39710000 0.794606
39720000 0.789393
39730000 0.790601
39740000 0.787115
39750000 0.789925
39760000 0.791662
39770000 0.792304
39780000 0.791761
39790000 0.79185
39800000 0.792921
39810000 0.78836
39820000 0.791573
39830000 0.788625
39840000 0.790433
39850000 0.791282
39860000 0.795359
39870000 0.794864
39880000 0.798637
39890000 0.791987
39900000 0.793516
39910000 0.794671
39920000 0.794756
39930000 0.801573
39940000 0.797487
39950000 0.799548
39960000 0.795424
39970000 0.794118
39980000 0.794458
39990000 0.798442
40000000 0.795145
