0 -7.15981e-06
10000 4.92346e-06
20000 -6.05613e-06
30000 1.88254e-05
40000 2.84547e-06
50000 -6.46404e-07
60000 1.85402e-05
70000 -0.000113029
80000 0.000166
90000 -3.65228e-05
100000 7.43569e-05
110000 1.77568e-05
120000 2.79155e-05
130000 -1.42757e-05
140000 -4.70174e-06
150000 4.44809e-05
160000 -1.34118e-05
170000 1.94906e-05
180000 -1.00085e-05
190000 -3.65126e-05
200000 0.000166618
210000 -3.18913e-06
220000 6.06766e-06
230000 1.10472e-05
240000 -5.23857e-05
250000 -2.81493e-06
260000 1.90896e-05
270000 -4.31834e-06
280000 -5.18692e-06
290000 -1.88827e-05
300000 6.74148e-05
310000 -4.33143e-05
320000 6.03104e-05
330000 2.25297e-05
340000 6.6138e-05
350000 2.19163e-05
360000 5.72692e-05
370000 0.000101698
380000 1.04686e-05
390000 0.000180487
400000 4.71803e-05
410000 0.00012271
420000 0.000194067
430000 -6.37377e-06
440000 -6.54381e-05
450000 0.000138887
460000 0.000106339
470000 -3.33546e-05
480000 9.29353e-06
490000 5.2525e-05
500000 5.35636e-05
510000 -1.14093e-05
520000 0.000132244
530000 3.91724e-05
540000 0.000105906
550000 6.00301e-05
560000 8.44939e-05
570000 0.000186449
580000 2.82825e-05
590000 7.86614e-05
600000 0.000117491
610000 0.000233597
620000 0.000131936
630000 6.433e-05
640000 8.44136e-05
650000 0.00018185
660000 0.000226422
670000 -9.62581e-06
680000 6.66741e-05
690000 -1.22883e-05
700000 0.000332876
710000 0.000279779
720000 0.000196419
730000 0.000285045
740000 -8.1929e-05
750000 0.000189386
760000 0.000171294
770000 0.00022078
780000 0.000337245
790000 0.000425807
800000 0.000257338
810000 0.000149481
820000 0.000514435
830000 0.000243987
840000 0.000202227
850000 0.000358641
860000 1.0917e-05
870000 6.65465e-06
880000 6.65172e-05
890000 3.83996e-06
900000 0.000423257
910000 0.000300452
920000 0.0001537
930000 2.55881e-05
940000 -5.79939e-06
950000 0.000206586
960000 0.000344971
970000 0.000267414
980000 0.000131373
990000 0.00015101
1000000 9.76212e-05
1010000 0.000171305
1020000 0.000432392
1030000 0.000502591
1040000 0.000456036
1050000 0.000265687
1060000 0.000551097
1070000 0.000525967
1080000 0.000321833
1090000 0.000661522
1100000 0.000208144
1110000 4.88089e-05
1120000 0.0003782
1130000 0.000497181
1140000 0.000722161
1150000 0.00053337
1160000 0.000739417
1170000 0.000301288
1180000 0.000658384
1190000 7.59332e-05
1200000 0.000556361
1210000 0.000528215
1220000 0.00017182
1230000 0.00072628
1240000 0.000637118
1250000 0.000372254
1260000 0.000205018
1270000 0.000199473
1280000 0.000434986
1290000 0.00085773
1300000 0.000330572
1310000 0.000290475
1320000 0.000353339
1330000 6.67594e-05
1340000 0.000235997
1350000 3.0858e-05
1360000 0.000382758
1370000 0.000515637
1380000 0.00091471
1390000 0.000878785
1400000 0.000718211
1410000 0.000528737
1420000 4.90877e-05
1430000 0.000509629
1440000 0.00119069
1450000 0.000424534
1460000 0.000378459
1470000 0.000637861
1480000 0.00054594
1490000 0.000486997
1500000 0.00112283
1510000 0.000693053
1520000 0.000214854
1530000 0.000488937
1540000 0.000532826
1550000 0.000704308
1560000 0.000353826
1570000 0.00056741
1580000 0.000576981
1590000 0.00042252
1600000 0.000222748
1610000 0.00079116
1620000 0.0012727
1630000 0.00129453
1640000 0.00060893
1650000 0.000695599
1660000 0.00144768
1670000 0.00119885
1680000 0.000655346
1690000 0.000521003
1700000 0.001179
1710000 0.000826318
1720000 0.00105378
1730000 0.00119749
1740000 0.0012635
1750000 0.00107694
1760000 0.0018257
1770000 0.00286186
1780000 0.0013931
1790000 0.00178809
1800000 0.000872447
1810000 0.000630167
1820000 0.00156388
1830000 0.00178751
1840000 0.00141253
1850000 0.00130456
1860000 0.00201238
1870000 0.00185069
1880000 0.00108868
1890000 0.00167094
1900000 0.00119039
1910000 0.000765265
1920000 0.000789211
1930000 0.00161235
1940000 0.00214789
1950000 0.00181253
1960000 0.000984013
1970000 0.00141165
1980000 0.00301853
1990000 0.00129457
2000000 0.00189374
2010000 0.00136621
2020000 0.00146552
2030000 0.00305053
2040000 0.00151664
2050000 0.00208987
2060000 0.00122378
2070000 0.00234088
2080000 0.00200732
2090000 0.00166156
2100000 0.0018094
2110000 0.00116999
2120000 0.00167079
2130000 0.00146462
2140000 0.00196595
2150000 0.00266738
2160000 0.0020021
2170000 0.00197998
2180000 0.00228909
2190000 0.00171165
2200000 0.00160715
2210000 0.00140396
2220000 0.00177106
2230000 0.00266448
2240000 0.00312957
2250000 0.00246792
2260000 0.00108845
2270000 0.00213891
2280000 0.00206811
2290000 0.00155309
2300000 0.0022801
2310000 0.00254176
2320000 0.00151733
2330000 0.00181203
2340000 0.00301404
2350000 0.00157971
2360000 0.0017438
2370000 0.002279
2380000 0.00207352
2390000 0.00292172
2400000 0.00174368
2410000 0.00231109
2420000 0.00400224
2430000 0.00359398
2440000 0.00385687
2450000 0.00396956
2460000 0.00284154
2470000 0.00286357
2480000 0.00405783
2490000 0.002396
2500000 0.00178477
2510000 0.00448952
2520000 0.00350241
2530000 0.00362738
2540000 0.0028759
2550000 0.00385128
2560000 0.00285715
2570000 0.00280583
2580000 0.0030653
2590000 0.00340321
2600000 0.00311966
2610000 0.00187478
2620000 0.00243401
2630000 0.00237031
2640000 0.00274877
2650000 0.00341877
2660000 0.00384644
2670000 0.00370161
2680000 0.00423257
2690000 0.00641366
2700000 0.00318449
2710000 0.00435644
2720000 0.00474696
2730000 0.00454234
2740000 0.00430697
2750000 0.00311641
2760000 0.00312622
2770000 0.00354041
2780000 0.00485437
2790000 0.00576972
2800000 0.0053207
2810000 0.00521787
2820000 0.00562275
2830000 0.00417438
2840000 0.00433101
2850000 0.00640399
2860000 0.0057967
2870000 0.00335632
2880000 0.00453783
2890000 0.00384074
2900000 0.00510712
2910000 0.00423261
2920000 0.005539
2930000 0.00593562
2940000 0.00600309
2950000 0.00583404
2960000 0.00429765
2970000 0.00664953
2980000 0.00541942
2990000 0.00384589
3000000 0.0043256
3010000 0.00455262
3020000 0.00429116
3030000 0.0046182
3040000 0.00485959
3050000 0.00429603
3060000 0.00434871
3070000 0.00578708
3080000 0.00634042
3090000 0.00790611
3100000 0.00466384
3110000 0.00523848
3120000 0.00428083
3130000 0.00424098
3140000 0.00397407
3150000 0.00519208
3160000 0.00614262
3170000 0.00911842
3180000 0.00554415
3190000 0.0061406
3200000 0.00612397
3210000 0.00611117
3220000 0.00695544
3230000 0.00776761
3240000 0.00710744
3250000 0.0060289
3260000 0.00522895
3270000 0.00596841
3280000 0.00725701
3290000 0.00466981
3300000 0.00488696
3310000 0.00565845
3320000 0.00584554
3330000 0.00613922
3340000 0.00559571
3350000 0.00751764
3360000 0.00664011
3370000 0.00688678
3380000 0.00559319
3390000 0.00631104
3400000 0.0064643
3410000 0.00775412
3420000 0.00780934
3430000 0.00786208
3440000 0.00646484
3450000 0.00993314
3460000 0.00713273
3470000 0.00736043
3480000 0.00819498
3490000 0.00708741
3500000 0.00775206
3510000 0.00740382
3520000 0.0106495
3530000 0.00927587
3540000 0.00670491
3550000 0.00777376
3560000 0.0066044
3570000 0.00889756
3580000 0.00738434
3590000 0.00732888
3600000 0.00611397
3610000 0.00629697
3620000 0.00530076
3630000 0.00816671
3640000 0.00483356
3650000 0.00997364
3660000 0.00881155
3670000 0.00900004
3680000 0.00726639
3690000 0.00753896
3700000 0.00858812
3710000 0.00887825
3720000 0.00967095
3730000 0.0102025
3740000 0.00936959
3750000 0.0084048
3760000 0.00987613
3770000 0.0113362
3780000 0.00882406
3790000 0.00969192
3800000 0.00891782
3810000 0.00962675
3820000 0.00904125
3830000 0.0103372
3840000 0.0102163
3850000 0.011871
3860000 0.011067
3870000 0.0116791
3880000 0.0105466
3890000 0.00940246
3900000 0.0117081
3910000 0.0127078
3920000 0.0131161
3930000 0.00951549
3940000 0.0125629
3950000 0.0122519
3960000 0.0121954
3970000 0.00994566
3980000 0.0111519
3990000 0.0119165
4000000 0.0123163
4010000 0.0136951
4020000 0.0138154
4030000 0.0112787
4040000 0.0104412
4050000 0.012206
4060000 0.0125666
4070000 0.0110222
4080000 0.011818
4090000 0.0111509
4100000 0.0122417
4110000 0.012683
4120000 0.0148633
4130000 0.0160362
4140000 0.0144709
4150000 0.0150912
4160000 0.0193843
4170000 0.014964
4180000 0.0181886
4190000 0.0167964
4200000 0.0144666
4210000 0.0130888
4220000 0.0119364
4230000 0.0118379
4240000 0.0137911
4250000 0.0117268
4260000 0.0151503
4270000 0.0154211
4280000 0.0187026
4290000 0.0129944
4300000 0.0156045
4310000 0.0155183
4320000 0.0124563
4330000 0.0136256
4340000 0.0125982
4350000 0.0123607
4360000 0.0136987
4370000 0.0183086
4380000 0.0190022
4390000 0.0146634
4400000 0.0166921
4410000 0.0177723
4420000 0.0194852
4430000 0.0165749
4440000 0.0172559
4450000 0.0156089
4460000 0.0189724
4470000 0.0160579
4480000 0.0169855
4490000 0.018833
4500000 0.0212725
4510000 0.0192897
4520000 0.0221852
4530000 0.0221553
4540000 0.0206781
4550000 0.0241165
4560000 0.0208973
4570000 0.0227836
4580000 0.0211991
4590000 0.0196279
4600000 0.0196307
4610000 0.0230773
4620000 0.0188033
4630000 0.0259049
4640000 0.0244376
4650000 0.0246573
4660000 0.022635
4670000 0.0204002
4680000 0.0205735
4690000 0.0242415
4700000 0.0234675
4710000 0.0257718
4720000 0.0211003
4730000 0.0237373
4740000 0.0226189
4750000 0.0207688
4760000 0.0231944
4770000 0.0269218
4780000 0.0277056
4790000 0.0245504
4800000 0.0250795
4810000 0.0262921
4820000 0.0311217
4830000 0.0298233
4840000 0.0329519
4850000 0.0283421
4860000 0.0299716
4870000 0.0290632
4880000 0.0291671
4890000 0.027493
4900000 0.0302983
4910000 0.0273837
4920000 0.0280417
4930000 0.0293396
4940000 0.0263241
4950000 0.0229033
4960000 0.0279834
4970000 0.0287686
4980000 0.0296344
4990000 0.0301347
5000000 0.0336094
5010000 0.0345223
5020000 0.0310558
5030000 0.0287919
5040000 0.0288103
5050000 0.0289159
5060000 0.0305005
5070000 0.0310874
5080000 0.0322054
5090000 0.0316673
5100000 0.0275557
5110000 0.0292276
5120000 0.0340206
5130000 0.0302743
5140000 0.0283703
5150000 0.0296909
5160000 0.0273617
5170000 0.0317847
5180000 0.0312577
5190000 0.0272901
5200000 0.0289783
5210000 0.0284286
5220000 0.0316069
5230000 0.0312811
5240000 0.0311133
5250000 0.0331485
5260000 0.0317631
5270000 0.0328586
5280000 0.0329296
5290000 0.0308681
5300000 0.0371476
5310000 0.0294725
5320000 0.0322794
5330000 0.0358142
5340000 0.0293222
5350000 0.0312227
5360000 0.0325855
5370000 0.0299935
5380000 0.0360187
5390000 0.0301786
5400000 0.0311975
5410000 0.0301831
5420000 0.0316328
5430000 0.0325027
5440000 0.0297059
5450000 0.0386131
5460000 0.0340874
5470000 0.0308478
5480000 0.0278283
5490000 0.0319298
5500000 0.031462
5510000 0.0283714
5520000 0.0344942
5530000 0.037687
5540000 0.0352796
5550000 0.0381013
5560000 0.0323412
5570000 0.0390024
5580000 0.0396306
5590000 0.0365793
5600000 0.0404837
5610000 0.0402401
5620000 0.0417546
5630000 0.0420006
5640000 0.0417529
5650000 0.0397409
5660000 0.0390518
5670000 0.0482834
5680000 0.0423832
5690000 0.0424288
5700000 0.0434724
5710000 0.047443
5720000 0.0428506
5730000 0.0426111
5740000 0.041085
5750000 0.0491693
5760000 0.0466946
5770000 0.0472866
5780000 0.0498359
5790000 0.054072
5800000 0.0545712
5810000 0.0542243
5820000 0.059724
5830000 0.0605551
5840000 0.0664122
5850000 0.0577075
5860000 0.0611676
5870000 0.0589051
5880000 0.0575304
5890000 0.0572432
5900000 0.0614496
5910000 0.0591175
5920000 0.0561251
5930000 0.0621904
5940000 0.0598751
5950000 0.0626943
5960000 0.0595665
5970000 0.0635588
5980000 0.0625972
5990000 0.0666113
6000000 0.0607274
6010000 0.0606955
6020000 0.059448
6030000 0.0603363
6040000 0.0624986
6050000 0.0617172
6060000 0.0653564
6070000 0.0630147
6080000 0.0593937
6090000 0.0658063
6100000 0.0695906
6110000 0.0702195
6120000 0.0726411
6130000 0.0718814
6140000 0.0711704
6150000 0.071991
6160000 0.0705133
6170000 0.0707022
6180000 0.0695168
6190000 0.074895
6200000 0.0745789
6210000 0.0756231
6220000 0.0757183
6230000 0.0770969
6240000 0.0738572
6250000 0.0764833
6260000 0.0705194
6270000 0.0760033
6280000 0.0809065
6290000 0.0775205
6300000 0.0851205
6310000 0.0910856
6320000 0.0855469
6330000 0.084535
6340000 0.0878626
6350000 0.0883925
6360000 0.0889961
6370000 0.0910358
6380000 0.0878568
6390000 0.0899762
6400000 0.0890904
6410000 0.093048
6420000 0.0869701
6430000 0.0958713
6440000 0.0906667
6450000 0.0930536
6460000 0.0956387
6470000 0.0954632
6480000 0.0918516
6490000 0.0971311
6500000 0.102471
6510000 0.0998519
6520000 0.102426
6530000 0.0959895
6540000 0.0988336
6550000 0.0947324
6560000 0.0963368
6570000 0.102882
6580000 0.10504
6590000 0.103567
6600000 0.103884
6610000 0.105309
6620000 0.109747
6630000 0.105127
6640000 0.109247
6650000 0.109701
6660000 0.114627
6670000 0.105747
6680000 0.11226
6690000 0.11032
6700000 0.109313
6710000 0.105761
6720000 0.115177
6730000 0.109792
6740000 0.114393
6750000 0.117466
6760000 0.117629
6770000 0.123929
6780000 0.124576
6790000 0.119695
6800000 0.118727
6810000 0.114964
6820000 0.117869
6830000 0.113065
6840000 0.109932
6850000 0.113952
6860000 0.11442
6870000 0.113093
6880000 0.120131
6890000 0.121938
6900000 0.127295
6910000 0.13052
6920000 0.117458
6930000 0.128209
6940000 0.127022
6950000 0.125974
6960000 0.133131
6970000 0.137517
6980000 0.132185
6990000 0.130827
7000000 0.134451
7010000 0.133482
7020000 0.134262
7030000 0.136644
7040000 0.143885
7050000 0.145044
7060000 0.144602
7070000 0.142535
7080000 0.145894
7090000 0.142939
7100000 0.147558
7110000 0.146793
7120000 0.151398
7130000 0.150241
7140000 0.147717
7150000 0.158032
7160000 0.144487
7170000 0.149592
7180000 0.151674
7190000 0.149193
7200000 0.15571
7210000 0.155822
7220000 0.154358
7230000 0.152193
7240000 0.152078
7250000 0.152936
7260000 0.153058
7270000 0.15816
7280000 0.158052
7290000 0.158348
7300000 0.155977
7310000 0.152946
7320000 0.161016
7330000 0.168141
7340000 0.163268
7350000 0.156338
7360000 0.160433
7370000 0.165958
7380000 0.161284
7390000 0.176504
7400000 0.168211
7410000 0.170776
7420000 0.170331
7430000 0.165896
7440000 0.169801
7450000 0.169805
7460000 0.170893
7470000 0.169571
7480000 0.173787
7490000 0.177138
7500000 0.177272
7510000 0.184521
7520000 0.1842
7530000 0.171897
7540000 0.181972
7550000 0.18319
7560000 0.188964
7570000 0.181852
7580000 0.191466
7590000 0.193401
7600000 0.188875
7610000 0.196295
7620000 0.192076
7630000 0.191387
7640000 0.195685
7650000 0.196242
7660000 0.193949
7670000 0.196063
7680000 0.194559
7690000 0.193887
7700000 0.188277
7710000 0.19128
7720000 0.20039
7730000 0.199438
7740000 0.189433
7750000 0.206192
7760000 0.197947
7770000 0.199202
7780000 0.196101
7790000 0.200152
7800000 0.199879
7810000 0.204677
7820000 0.20156
7830000 0.203301
7840000 0.209689
7850000 0.217163
7860000 0.21634
7870000 0.217836
7880000 0.214574
7890000 0.217626
7900000 0.21815
7910000 0.226998
7920000 0.232564
7930000 0.237462
7940000 0.236824
7950000 0.241168
7960000 0.236465
7970000 0.227385
7980000 0.230115
7990000 0.240404
8000000 0.238131
8010000 0.238681
8020000 0.235418
8030000 0.232664
8040000 0.242222
8050000 0.240235
8060000 0.239327
8070000 0.239714
8080000 0.239906
8090000 0.241528
8100000 0.24393
8110000 0.236028
8120000 0.24022
8130000 0.241712
8140000 0.240033
8150000 0.249745
8160000 0.250587
8170000 0.249454
8180000 0.251381
8190000 0.246581
8200000 0.247354
8210000 0.244693
8220000 0.244009
8230000 0.242468
8240000 0.250606
8250000 0.2521
8260000 0.250904
8270000 0.246955
8280000 0.252594
8290000 0.252768
8300000 0.249358
8310000 0.253652
8320000 0.259901
8330000 0.253898
8340000 0.253956
8350000 0.253595
8360000 0.258392
8370000 0.262579
8380000 0.259159
8390000 0.259743
8400000 0.256532
8410000 0.26637
8420000 0.269679
8430000 0.263386
8440000 0.272201
8450000 0.269416
8460000 0.273916
8470000 0.276331
8480000 0.273509
8490000 0.272851
8500000 0.276444
8510000 0.291333
8520000 0.280953
8530000 0.283623
8540000 0.277337
8550000 0.276216
8560000 0.27757
8570000 0.280018
8580000 0.281264
8590000 0.283937
8600000 0.293946
8610000 0.289928
8620000 0.290347
8630000 0.298602
8640000 0.293214
8650000 0.30455
8660000 0.289541
8670000 0.289956
8680000 0.300463
8690000 0.291257
8700000 0.29656
8710000 0.296945
8720000 0.307335
8730000 0.292083
8740000 0.29214
8750000 0.293073
8760000 0.293706
8770000 0.305119
8780000 0.289851
8790000 0.304283
8800000 0.302211
8810000 0.309342
8820000 0.302558
8830000 0.308073
8840000 0.306377
8850000 0.309116
8860000 0.298126
8870000 0.308396
8880000 0.313182
8890000 0.31536
8900000 0.311773
8910000 0.306618
8920000 0.308731
8930000 0.313078
8940000 0.305944
8950000 0.315669
8960000 0.315378
8970000 0.314265
8980000 0.308713
8990000 0.308197
9000000 0.313595
9010000 0.318632
9020000 0.315408
9030000 0.321376
9040000 0.318886
9050000 0.313819
9060000 0.309487
9070000 0.320618
9080000 0.317162
9090000 0.316101
9100000 0.31419
9110000 0.33419
9120000 0.323157
9130000 0.32792
9140000 0.326571
9150000 0.321268
9160000 0.3298
9170000 0.321522
9180000 0.333201
9190000 0.334198
9200000 0.341742
9210000 0.339028
9220000 0.336753
9230000 0.344185
9240000 0.342281
9250000 0.32701
9260000 0.330319
9270000 0.340784
9280000 0.344448
9290000 0.346098
9300000 0.352809
9310000 0.349352
9320000 0.349117
9330000 0.346719
9340000 0.351561
9350000 0.344577
9360000 0.359061
9370000 0.358965
9380000 0.349412
9390000 0.348707
9400000 0.360386
9410000 0.358649
9420000 0.357893
9430000 0.357676
9440000 0.350946
9450000 0.36637
9460000 0.359101
9470000 0.363731
9480000 0.369737
9490000 0.370835
9500000 0.356126
9510000 0.357987
9520000 0.359259
9530000 0.365138
9540000 0.369789
9550000 0.35543
9560000 0.360362
9570000 0.360406
9580000 0.356933
9590000 0.364997
9600000 0.360375
9610000 0.363224
9620000 0.36767
9630000 0.36513
9640000 0.358833
9650000 0.365636
9660000 0.365597
9670000 0.377254
9680000 0.365892
9690000 0.370462
9700000 0.370957
9710000 0.377073
9720000 0.366674
9730000 0.36942
9740000 0.373536
9750000 0.369732
9760000 0.373009
9770000 0.368336
9780000 0.375696
9790000 0.382563
9800000 0.387218
9810000 0.381632
9820000 0.380541
9830000 0.383841
9840000 0.383226
9850000 0.391468
9860000 0.390704
9870000 0.387158
9880000 0.391979
9890000 0.39077
9900000 0.387458
9910000 0.399892
9920000 0.399954
9930000 0.396717
9940000 0.389634
9950000 0.402084
9960000 0.391568
9970000 0.397762
9980000 0.396067
9990000 0.39365
10000000 0.391653
10010000 0.394979
10020000 0.396734
10030000 0.390521
10040000 0.391777
10050000 0.400381
10060000 0.397922
10070000 0.395132
10080000 0.39197
10090000 0.398404
10100000 0.398818
10110000 0.396298
10120000 0.403217
10130000 0.39809
10140000 0.407828
10150000 0.409061
10160000 0.41342
10170000 0.412979
10180000 0.401947
10190000 0.40788
10200000 0.408024
10210000 0.409943
10220000 0.409593
10230000 0.405173
10240000 0.415508
10250000 0.422689
10260000 0.413846
10270000 0.415933
10280000 0.418666
10290000 0.420335
10300000 0.413152
10310000 0.418937
10320000 0.41869
10330000 0.414632
10340000 0.419313
10350000 0.421808
10360000 0.417075
10370000 0.420521
10380000 0.426203
10390000 0.42662
10400000 0.425772
10410000 0.423444
10420000 0.429308
10430000 0.422638
10440000 0.423829
10450000 0.426394
10460000 0.432693
10470000 0.432289
10480000 0.430649
10490000 0.434166
10500000 0.42903
10510000 0.434427
10520000 0.431048
10530000 0.436706
10540000 0.428828
10550000 0.433084
10560000 0.428866
10570000 0.428951
10580000 0.434798
10590000 0.431918
10600000 0.430335
10610000 0.43639
10620000 0.439918
10630000 0.43589
10640000 0.43694
10650000 0.446382
10660000 0.445754
10670000 0.443105
10680000 0.448028
10690000 0.445157
10700000 0.444929
10710000 0.440253
10720000 0.446373
10730000 0.442215
10740000 0.448408
10750000 0.44818
10760000 0.446556
10770000 0.454196
10780000 0.456774
10790000 0.448617
10800000 0.45636
10810000 0.453784
10820000 0.46357
10830000 0.451379
10840000 0.453646
10850000 0.456789
10860000 0.458975
10870000 0.45928
10880000 0.460416
10890000 0.456631
10900000 0.450067
10910000 0.4544
10920000 0.45153
10930000 0.457666
10940000 0.454138
10950000 0.461556
10960000 0.460948
10970000 0.469943
10980000 0.464551
10990000 0.461991
11000000 0.469544
11010000 0.468253
11020000 0.458765
11030000 0.457443
11040000 0.47151
11050000 0.467496
11060000 0.469976
11070000 0.469825
11080000 0.469107
11090000 0.470829
11100000 0.471956
11110000 0.478517
11120000 0.47344
11130000 0.46768
11140000 0.473772
11150000 0.465794
11160000 0.472054
11170000 0.465293
11180000 0.465619
11190000 0.469959
11200000 0.470778
11210000 0.47373
11220000 0.477079
11230000 0.475591
11240000 0.469247
11250000 0.475879
11260000 0.473926
11270000 0.479775
11280000 0.483285
11290000 0.4743
11300000 0.478637
11310000 0.474799
11320000 0.48381
11330000 0.478244
11340000 0.481041
11350000 0.479661
11360000 0.487555
11370000 0.483792
11380000 0.482466
11390000 0.484648
11400000 0.484373
11410000 0.487534
11420000 0.487857
11430000 0.486277
11440000 0.495298
11450000 0.49183
11460000 0.486876
11470000 0.489147
11480000 0.497504
11490000 0.496863
11500000 0.495064
11510000 0.497534
11520000 0.495479
11530000 0.499809
11540000 0.49972
11550000 0.485787
11560000 0.493909
11570000 0.496643
11580000 0.501205
11590000 0.505168
11600000 0.503487
11610000 0.508556
11620000 0.505056
11630000 0.505287
11640000 0.502284
11650000 0.511696
11660000 0.516409
11670000 0.502038
11680000 0.503604
11690000 0.510264
11700000 0.51537
11710000 0.510547
11720000 0.509889
11730000 0.510675
11740000 0.505815
11750000 0.504937
11760000 0.504809
11770000 0.509024
11780000 0.512847
11790000 0.508646
11800000 0.51938
11810000 0.516695
11820000 0.516864
11830000 0.51657
11840000 0.513488
11850000 0.512535
11860000 0.512428
11870000 0.519296
11880000 0.518895
11890000 0.525029
11900000 0.514314
11910000 0.517095
11920000 0.52124
11930000 0.516832
11940000 0.515472
11950000 0.522173
11960000 0.521493
11970000 0.522358
11980000 0.526406
11990000 0.525386
12000000 0.523904
12010000 0.518179
12020000 0.516351
12030000 0.520917
12040000 0.519613
12050000 0.518412
12060000 0.514075
12070000 0.514653
12080000 0.522104
12090000 0.525456
12100000 0.530269
12110000 0.523676
12120000 0.525342
12130000 0.523191
12140000 0.522899
12150000 0.51932
12160000 0.518779
12170000 0.520654
12180000 0.52594
12190000 0.531478
12200000 0.524112
12210000 0.523951
12220000 0.520475
12230000 0.526375
12240000 0.52467
12250000 0.529157
12260000 0.530378
12270000 0.537109
12280000 0.529642
12290000 0.538381
12300000 0.52843
12310000 0.532134
12320000 0.52215
12330000 0.530584
12340000 0.531909
12350000 0.530112
12360000 0.539165
12370000 0.533275
12380000 0.534624
12390000 0.53569
12400000 0.533551
12410000 0.537863
12420000 0.5362
12430000 0.530279
12440000 0.53373
12450000 0.531115
12460000 0.542844
12470000 0.53395
12480000 0.525574
12490000 0.544331
12500000 0.54474
12510000 0.540739
12520000 0.53525
12530000 0.530227
12540000 0.535444
12550000 0.539365
12560000 0.530306
12570000 0.538734
12580000 0.539587
12590000 0.546668
12600000 0.536059
12610000 0.550246
12620000 0.552588
12630000 0.546294
12640000 0.54652
12650000 0.548073
12660000 0.550233
12670000 0.548211
12680000 0.550163
12690000 0.542907
12700000 0.545139
12710000 0.546087
12720000 0.545055
12730000 0.548226
12740000 0.547934
12750000 0.545529
12760000 0.54954
12770000 0.543249
12780000 0.544362
12790000 0.541419
12800000 0.557787
12810000 0.549665
12820000 0.553588
12830000 0.546572
12840000 0.556801
12850000 0.551814
12860000 0.55198
12870000 0.556455
12880000 0.557207
12890000 0.561237
12900000 0.556689
12910000 0.550742
12920000 0.560086
12930000 0.560424
12940000 0.563674
12950000 0.565394
12960000 0.570629
12970000 0.560515
12980000 0.562684
12990000 0.558893
13000000 0.562811
13010000 0.565076
13020000 0.561793
13030000 0.565796
13040000 0.559999
13050000 0.559748
13060000 0.554057
13070000 0.555685
13080000 0.561158
13090000 0.562699
13100000 0.56176
13110000 0.563229
13120000 0.562912
13130000 0.564541
13140000 0.561436
13150000 0.568601
13160000 0.565779
13170000 0.565706
13180000 0.567702
13190000 0.566293
13200000 0.573307
13210000 0.571234
13220000 0.571578
13230000 0.567807
13240000 0.56992
13250000 0.565089
13260000 0.567285
13270000 0.569215
13280000 0.574385
13290000 0.577663
13300000 0.578182
13310000 0.572496
13320000 0.576318
13330000 0.576536
13340000 0.570521
13350000 0.574996
13360000 0.57491
13370000 0.580829
13380000 0.571447
13390000 0.578977
13400000 0.577683
13410000 0.577643
13420000 0.574896
13430000 0.572074
13440000 0.582472
13450000 0.580446
13460000 0.580268
13470000 0.57621
13480000 0.572528
13490000 0.57638
13500000 0.571292
13510000 0.56839
13520000 0.573727
13530000 0.574754
13540000 0.567261
13550000 0.56563
13560000 0.580338
13570000 0.576241
13580000 0.577899
13590000 0.580308
13600000 0.577194
13610000 0.575882
13620000 0.579453
13630000 0.575807
13640000 0.583445
13650000 0.576155
13660000 0.591058
13670000 0.585647
13680000 0.585523
13690000 0.585978
13700000 0.585028
13710000 0.587558
13720000 0.583808
13730000 0.583662
13740000 0.58731
13750000 0.584916
13760000 0.589709
13770000 0.582492
13780000 0.585429
13790000 0.583146
13800000 0.580842
13810000 0.576043
13820000 0.580383
13830000 0.577704
13840000 0.584996
13850000 0.587213
13860000 0.590484
13870000 0.582869
13880000 0.583496
13890000 0.589824
13900000 0.587676
13910000 0.588713
13920000 0.584342
13930000 0.581536
13940000 0.595869
13950000 0.589554
13960000 0.596299
13970000 0.58674
13980000 0.587594
13990000 0.588606
14000000 0.590266
14010000 0.593475
14020000 0.590605
14030000 0.59393
14040000 0.595727
14050000 0.591324
14060000 0.587397
14070000 0.591586
14080000 0.591644
14090000 0.594219
14100000 0.597519
14110000 0.59639
14120000 0.586979
14130000 0.586228
14140000 0.586722
14150000 0.60059
14160000 0.597683
14170000 0.607034
14180000 0.601059
14190000 0.601775
14200000 0.600505
14210000 0.593537
14220000 0.593831
14230000 0.605839
14240000 0.600477
14250000 0.603322
14260000 0.600943
14270000 0.602191
14280000 0.60502
14290000 0.601229
14300000 0.60648
14310000 0.605451
14320000 0.608254
14330000 0.612295
14340000 0.603989
14350000 0.60344
14360000 0.603688
14370000 0.605954
14380000 0.602243
14390000 0.60575
14400000 0.598137
14410000 0.606792
14420000 0.605535
14430000 0.608413
14440000 0.603302
14450000 0.604674
14460000 0.611607
14470000 0.604321
14480000 0.6099
14490000 0.609971
14500000 0.607861
14510000 0.604352
14520000 0.603721
14530000 0.609709
14540000 0.607976
14550000 0.613938
14560000 0.602454
14570000 0.60682
14580000 0.611274
14590000 0.609324
14600000 0.61257
14610000 0.609563
14620000 0.606731
14630000 0.606846
14640000 0.607984
14650000 0.602319
14660000 0.614741
14670000 0.608789
14680000 0.608403
14690000 0.611715
14700000 0.610081
14710000 0.617605
14720000 0.614475
14730000 0.613488
14740000 0.614532
14750000 0.612305
14760000 0.608158
14770000 0.614402
14780000 0.616826
14790000 0.608065
14800000 0.619613
14810000 0.612671
14820000 0.621269
14830000 0.616762
14840000 0.607456
14850000 0.614018
14860000 0.611239
14870000 0.602512
14880000 0.612604
14890000 0.614566
14900000 0.617206
14910000 0.61721
14920000 0.612546
14930000 0.608948
14940000 0.618193
14950000 0.620609
14960000 0.617292
14970000 0.621336
14980000 0.623036
14990000 0.612913
15000000 0.612255
15010000 0.615494
15020000 0.612883
15030000 0.616993
15040000 0.624417
15050000 0.617622
15060000 0.617559
15070000 0.620315
15080000 0.620789
15090000 0.616742
15100000 0.618447
15110000 0.613948
15120000 0.614642
15130000 0.620024
15140000 0.618557
15150000 0.617805
15160000 0.614168
15170000 0.620322
15180000 0.619542
15190000 0.625812
15200000 0.616932
15210000 0.625076
15220000 0.62882
15230000 0.626605
15240000 0.619682
15250000 0.613941
15260000 0.622308
15270000 0.620812
15280000 0.621231
15290000 0.624093
15300000 0.621671
15310000 0.623614
15320000 0.618282
15330000 0.619336
15340000 0.61914
15350000 0.622516
15360000 0.622444
15370000 0.623048
15380000 0.623116
15390000 0.625305
15400000 0.627416
15410000 0.626896
15420000 0.633644
15430000 0.635193
15440000 0.626936
15450000 0.630338
15460000 0.632563
15470000 0.635054
15480000 0.635354
15490000 0.633248
15500000 0.626601
15510000 0.63255
15520000 0.631806
15530000 0.625024
15540000 0.62494
15550000 0.633806
15560000 0.633891
15570000 0.630864
15580000 0.628756
15590000 0.631844
15600000 0.62427
15610000 0.628723
15620000 0.637633
15630000 0.636866
15640000 0.63577
15650000 0.630808
15660000 0.629636
15670000 0.632115
15680000 0.627325
15690000 0.623355
15700000 0.631883
15710000 0.631027
15720000 0.633591
15730000 0.637671
15740000 0.632076
15750000 0.63215
15760000 0.626302
15770000 0.631425
15780000 0.6339
15790000 0.63692
15800000 0.63873
15810000 0.639044
15820000 0.635086
15830000 0.631033
15840000 0.62829
15850000 0.630021
15860000 0.631166
15870000 0.633933
15880000 0.636447
15890000 0.632971
15900000 0.635773
15910000 0.638034
15920000 0.637665
15930000 0.63818
15940000 0.642432
15950000 0.636414
15960000 0.636857
15970000 0.638991
15980000 0.634526
15990000 0.633174
16000000 0.637258
16010000 0.639036
16020000 0.635117
16030000 0.631996
16040000 0.638515
16050000 0.637478
16060000 0.639246
16070000 0.63963
16080000 0.637192
16090000 0.638417
16100000 0.637942
16110000 0.639245
16120000 0.640008
16130000 0.640152
16140000 0.644658
16150000 0.639046
16160000 0.640364
16170000 0.634383
16180000 0.641834
16190000 0.643683
16200000 0.647012
16210000 0.644672
16220000 0.64352
16230000 0.63548
16240000 0.647986
16250000 0.646962
16260000 0.642996
16270000 0.641408
16280000 0.644011
16290000 0.647261
16300000 0.642861
16310000 0.655477
16320000 0.641985
16330000 0.645478
16340000 0.644769
16350000 0.650398
16360000 0.650874
16370000 0.645468
16380000 0.650131
16390000 0.648768
16400000 0.647988
16410000 0.654569
16420000 0.652121
16430000 0.656161
16440000 0.659293
16450000 0.653832
16460000 0.652855
16470000 0.656269
16480000 0.659119
16490000 0.655912
16500000 0.65423
16510000 0.651916
16520000 0.649703
16530000 0.649949
16540000 0.648771
16550000 0.651662
16560000 0.651002
16570000 0.654853
16580000 0.651346
16590000 0.651075
16600000 0.655591
16610000 0.653029
16620000 0.650403
16630000 0.653801
16640000 0.644594
16650000 0.644364
16660000 0.646678
16670000 0.651367
16680000 0.646771
16690000 0.650528
16700000 0.656457
16710000 0.653232
16720000 0.655132
16730000 0.651557
16740000 0.65756
16750000 0.650841
16760000 0.65715
16770000 0.656503
16780000 0.660902
16790000 0.665479
16800000 0.665492
16810000 0.660315
16820000 0.660804
16830000 0.658012
16840000 0.657136
16850000 0.660926
16860000 0.652856
16870000 0.661655
16880000 0.650773
16890000 0.656529
16900000 0.661088
16910000 0.666989
16920000 0.657
16930000 0.658397
16940000 0.663018
16950000 0.651931
16960000 0.664204
16970000 0.663587
16980000 0.659342
16990000 0.663531
17000000 0.660714
17010000 0.667083
17020000 0.657263
17030000 0.66156
17040000 0.656644
17050000 0.67172
17060000 0.663229
17070000 0.66042
17080000 0.655794
17090000 0.66362
17100000 0.658436
17110000 0.660294
17120000 0.662548
17130000 0.660625
17140000 0.667604
17150000 0.664175
17160000 0.664281
17170000 0.666827
17180000 0.657465
17190000 0.664392
17200000 0.664603
17210000 0.664238
17220000 0.660139
17230000 0.662687
17240000 0.670376
17250000 0.665831
17260000 0.659691
17270000 0.669482
17280000 0.665049
17290000 0.668541
17300000 0.665489
17310000 0.665254
17320000 0.665561
17330000 0.660702
17340000 0.660704
17350000 0.66656
17360000 0.669974
17370000 0.664451
17380000 0.66846
17390000 0.668594
17400000 0.673236
17410000 0.666013
17420000 0.672871
17430000 0.67037
17440000 0.676986
17450000 0.679117
17460000 0.67818
17470000 0.672137
17480000 0.674421
17490000 0.670297
17500000 0.670566
17510000 0.670281
17520000 0.674951
17530000 0.673367
17540000 0.680322
17550000 0.677137
17560000 0.674735
17570000 0.673199
17580000 0.678016
17590000 0.675973
17600000 0.670396
17610000 0.672759
17620000 0.67311
17630000 0.674411
17640000 0.674994
17650000 0.667701
17660000 0.672947
17670000 0.680546
17680000 0.678547
17690000 0.675148
17700000 0.675702
17710000 0.672922
17720000 0.677538
17730000 0.672173
17740000 0.67796
17750000 0.678828
17760000 0.669483
17770000 0.670604
17780000 0.672027
17790000 0.675328
17800000 0.682557
17810000 0.681632
17820000 0.677749
17830000 0.680921
17840000 0.682234
17850000 0.674526
17860000 0.675749
17870000 0.669107
17880000 0.673215
17890000 0.679058
17900000 0.676821
17910000 0.676846
17920000 0.683412
17930000 0.68093
17940000 0.673015
17950000 0.675932
17960000 0.681215
17970000 0.682746
17980000 0.673128
17990000 0.681904
18000000 0.678284
18010000 0.683802
18020000 0.669999
18030000 0.674447
18040000 0.681303
18050000 0.676518
18060000 0.679736
18070000 0.678099
18080000 0.68187
18090000 0.67861
18100000 0.675954
18110000 0.67215
18120000 0.674604
18130000 0.678466
18140000 0.679063
18150000 0.682143
18160000 0.679283
18170000 0.67628
18180000 0.681929
18190000 0.675989
18200000 0.676053
18210000 0.673467
18220000 0.682743
18230000 0.678276
18240000 0.688137
18250000 0.682844
18260000 0.688878
18270000 0.686824
18280000 0.67553
18290000 0.681673
18300000 0.681851
18310000 0.684797
18320000 0.68112
18330000 0.682164
18340000 0.677174
18350000 0.682454
18360000 0.681762
18370000 0.676794
18380000 0.679739
18390000 0.684431
18400000 0.67704
18410000 0.683699
18420000 0.682577
18430000 0.683809
18440000 0.682916
18450000 0.686445
18460000 0.686072
18470000 0.681636
18480000 0.679133
18490000 0.680011
18500000 0.679281
18510000 0.686228
18520000 0.686383
18530000 0.684044
18540000 0.688676
18550000 0.685071
18560000 0.689415
18570000 0.689186
18580000 0.687147
18590000 0.685737
18600000 0.688602
18610000 0.684126
18620000 0.68761
18630000 0.689586
18640000 0.680786
18650000 0.680873
18660000 0.681407
18670000 0.677931
18680000 0.680918
18690000 0.683028
18700000 0.683243
18710000 0.683717
18720000 0.69399
18730000 0.68326
18740000 0.68882
18750000 0.69065
18760000 0.685512
18770000 0.693864
18780000 0.690313
18790000 0.684812
18800000 0.685541
18810000 0.6876
18820000 0.686668
18830000 0.687308
18840000 0.685719
18850000 0.684781
18860000 0.689976
18870000 0.686854
18880000 0.685882
18890000 0.685813
18900000 0.685258
18910000 0.683342
18920000 0.689635
18930000 0.690245
18940000 0.690043
18950000 0.69487
18960000 0.691562
18970000 0.699013
18980000 0.694286
18990000 0.698476
19000000 0.699983
19010000 0.697042
19020000 0.6886
19030000 0.691599
19040000 0.692422
19050000 0.693221
19060000 0.691736
19070000 0.687867
19080000 0.684751
19090000 0.696562
19100000 0.694793
19110000 0.693692
19120000 0.695128
19130000 0.69664
19140000 0.692573
19150000 0.691603
19160000 0.696033
19170000 0.691301
19180000 0.693982
19190000 0.693795
19200000 0.695184
19210000 0.698285
19220000 0.689329
19230000 0.683677
19240000 0.690844
19250000 0.702049
19260000 0.695904
19270000 0.698251
19280000 0.70003
19290000 0.690061
19300000 0.691111
19310000 0.696487
19320000 0.693131
19330000 0.692269
19340000 0.692408
19350000 0.697287
19360000 0.698502
19370000 0.698469
19380000 0.697021
19390000 0.700828
19400000 0.699538
19410000 0.697267
19420000 0.695998
19430000 0.701738
19440000 0.707081
19450000 0.707803
19460000 0.703345
19470000 0.703296
19480000 0.699191
19490000 0.700647
19500000 0.699527
19510000 0.703229
19520000 0.703285
19530000 0.706206
19540000 0.712269
19550000 0.703633
19560000 0.703783
19570000 0.699301
19580000 0.703544
19590000 0.700838
19600000 0.701546
19610000 0.70174
19620000 0.712167
19630000 0.709689
19640000 0.701587
19650000 0.699724
19660000 0.704121
19670000 0.703497
19680000 0.700723
19690000 0.701489
19700000 0.712536
19710000 0.711635
19720000 0.702032
19730000 0.698989
19740000 0.702995
19750000 0.698735
19760000 0.7099
19770000 0.706102
19780000 0.701906
19790000 0.702746
19800000 0.705384
19810000 0.703152
19820000 0.704068
19830000 0.705314
19840000 0.704169
19850000 0.707205
19860000 0.705116
19870000 0.708023
19880000 0.701553
19890000 0.70157
19900000 0.712404
19910000 0.709753
19920000 0.70367
19930000 0.70524
19940000 0.709623
19950000 0.697547
19960000 0.704265
19970000 0.705058
19980000 0.709159
19990000 0.705405
20000000 0.703022
20010000 0.705666
20020000 0.707584
20030000 0.705351
20040000 0.704519
20050000 0.70504
20060000 0.707783
20070000 0.708017
20080000 0.706369
20090000 0.704175
20100000 0.705433
20110000 0.697012
20120000 0.694033
20130000 0.706191
20140000 0.704531
20150000 0.710059
20160000 0.705489
20170000 0.705204
20180000 0.706472
20190000 0.707504
20200000 0.705751
20210000 0.706741
20220000 0.709152
20230000 0.706185
20240000 0.713493
20250000 0.709596
20260000 0.705877
20270000 0.706767
20280000 0.711943
20290000 0.707302
20300000 0.708909
20310000 0.708838
20320000 0.706457
20330000 0.702825
20340000 0.711219
20350000 0.707742
20360000 0.711326
20370000 0.70842
20380000 0.707559
20390000 0.707237
20400000 0.707844
20410000 0.704781
20420000 0.711543
20430000 0.709391
20440000 0.715753
20450000 0.711747
20460000 0.7132
20470000 0.708961
20480000 0.708711
20490000 0.711745
20500000 0.709812
20510000 0.706137
20520000 0.70726
20530000 0.712754
20540000 0.713129
20550000 0.709768
20560000 0.712269
20570000 0.716516
20580000 0.715142
20590000 0.713444
20600000 0.712381
20610000 0.708533
20620000 0.715061
20630000 0.705989
20640000 0.709066
20650000 0.706233
20660000 0.705684
20670000 0.705029
20680000 0.709376
20690000 0.706312
20700000 0.710631
20710000 0.705541
20720000 0.712464
20730000 0.71565
20740000 0.712626
20750000 0.710532
20760000 0.708939
20770000 0.709071
20780000 0.715703
20790000 0.714864
20800000 0.713303
20810000 0.713057
20820000 0.711394
20830000 0.709616
20840000 0.713678
20850000 0.713742
20860000 0.70985
20870000 0.706882
20880000 0.717672
20890000 0.715443
20900000 0.703647
20910000 0.711754
20920000 0.713607
20930000 0.707911
20940000 0.712053
20950000 0.708786
20960000 0.711833
20970000 0.711008
20980000 0.710876
20990000 0.709786
21000000 0.708255
21010000 0.710842
21020000 0.704953
21030000 0.708218
21040000 0.711701
21050000 0.721697
21060000 0.715217
21070000 0.708275
21080000 0.711294
21090000 0.703643
21100000 0.715406
21110000 0.709192
21120000 0.705719
21130000 0.71323
21140000 0.709
21150000 0.712802
21160000 0.713766
21170000 0.713143
21180000 0.713539
21190000 0.720019
21200000 0.715979
21210000 0.713769
21220000 0.715989
21230000 0.71177
21240000 0.719345
21250000 0.714341
21260000 0.71112
21270000 0.713037
21280000 0.714177
21290000 0.711155
21300000 0.708707
21310000 0.712829
21320000 0.716008
21330000 0.714408
21340000 0.711233
21350000 0.707288
21360000 0.710487
21370000 0.70948
21380000 0.71392
21390000 0.715747
21400000 0.717189
21410000 0.717899
21420000 0.711336
21430000 0.714717
21440000 0.715104
21450000 0.710371
21460000 0.710038
21470000 0.719237
21480000 0.720793
21490000 0.718069
21500000 0.720693
21510000 0.712815
21520000 0.717392
21530000 0.717081
21540000 0.715856
21550000 0.72337
21560000 0.723765
21570000 0.72381
21580000 0.723683
21590000 0.721088
21600000 0.717462
21610000 0.721045
21620000 0.724459
21630000 0.723225
21640000 0.717711
21650000 0.724864
21660000 0.725249
21670000 0.714723
21680000 0.716017
21690000 0.721754
21700000 0.712271
21710000 0.721975
21720000 0.720603
21730000 0.713254
21740000 0.71574
21750000 0.714015
21760000 0.715868
21770000 0.72334
21780000 0.716598
21790000 0.71731
21800000 0.714532
21810000 0.719089
21820000 0.710948
21830000 0.720857
21840000 0.717684
21850000 0.720435
21860000 0.716521
21870000 0.710591
21880000 0.720544
21890000 0.715974
21900000 0.716131
21910000 0.71857
21920000 0.713631
21930000 0.709652
21940000 0.723342
21950000 0.724508
21960000 0.719017
21970000 0.720549
21980000 0.718675
21990000 0.717268
22000000 0.714328
22010000 0.718969
22020000 0.722207
22030000 0.720678
22040000 0.7182
22050000 0.719949
22060000 0.719794
22070000 0.716653
22080000 0.722407
22090000 0.721967
22100000 0.72125
22110000 0.720928
22120000 0.722881
22130000 0.718981
22140000 0.715275
22150000 0.719478
22160000 0.720254
22170000 0.717027
22180000 0.724909
22190000 0.722564
22200000 0.718299
22210000 0.720453
22220000 0.720659
22230000 0.718382
22240000 0.715803
22250000 0.712284
22260000 0.714905
22270000 0.717174
22280000 0.718814
22290000 0.718599
22300000 0.711642
22310000 0.713953
22320000 0.71382
22330000 0.719241
22340000 0.720227
22350000 0.717034
22360000 0.721879
22370000 0.718432
22380000 0.715815
22390000 0.71329
22400000 0.714439
22410000 0.717775
22420000 0.720546
22430000 0.718865
22440000 0.717308
22450000 0.723209
22460000 0.71915
22470000 0.719826
22480000 0.726222
22490000 0.722775
22500000 0.726982
22510000 0.721058
22520000 0.724072
22530000 0.726117
22540000 0.724014
22550000 0.723461
22560000 0.72809
22570000 0.721996
22580000 0.72677
22590000 0.72782
22600000 0.728119
22610000 0.734912
22620000 0.723973
22630000 0.735976
22640000 0.731042
22650000 0.730544
22660000 0.727768
22670000 0.719861
22680000 0.721142
22690000 0.721806
22700000 0.73254
22710000 0.727088
22720000 0.734788
22730000 0.728839
22740000 0.72522
22750000 0.732284
22760000 0.73302
22770000 0.722956
22780000 0.725833
22790000 0.728478
22800000 0.721844
22810000 0.726656
22820000 0.723842
22830000 0.731536
22840000 0.722138
22850000 0.730029
22860000 0.732629
22870000 0.728107
22880000 0.734621
22890000 0.728725
22900000 0.73034
22910000 0.72804
22920000 0.729316
22930000 0.726424
22940000 0.731099
22950000 0.727952
22960000 0.725616
22970000 0.732142
22980000 0.723444
22990000 0.722568
23000000 0.728738
23010000 0.726252
23020000 0.736485
23030000 0.727387
23040000 0.724081
23050000 0.728438
23060000 0.727782
23070000 0.724849
23080000 0.727264
23090000 0.728735
23100000 0.728368
23110000 0.722133
23120000 0.732047
23130000 0.728078
23140000 0.725161
23150000 0.725715
23160000 0.726056
23170000 0.726866
23180000 0.724057
23190000 0.729737
23200000 0.725402
23210000 0.723377
23220000 0.725804
23230000 0.729326
23240000 0.722756
23250000 0.732522
23260000 0.721022
23270000 0.717932
23280000 0.723156
23290000 0.722762
23300000 0.723437
23310000 0.725627
23320000 0.722629
23330000 0.724148
23340000 0.73124
23350000 0.731486
23360000 0.721667
23370000 0.729461
23380000 0.727484
23390000 0.723773
23400000 0.729996
23410000 0.724502
23420000 0.72217
23430000 0.725458
23440000 0.72983
23450000 0.733838
23460000 0.724677
23470000 0.726304
23480000 0.729838
23490000 0.732841
23500000 0.727178
23510000 0.727108
23520000 0.729822
23530000 0.72962
23540000 0.73015
23550000 0.731006
23560000 0.728853
23570000 0.729179
23580000 0.733215
23590000 0.729904
23600000 0.729109
23610000 0.722382
23620000 0.731312
23630000 0.732459
23640000 0.730832
23650000 0.730201
23660000 0.732901
23670000 0.732404
23680000 0.734066
23690000 0.735132
23700000 0.737203
23710000 0.730337
23720000 0.72566
23730000 0.733412
23740000 0.731437
23750000 0.7318
23760000 0.738556
23770000 0.736952
23780000 0.729992
23790000 0.73554
23800000 0.736152
23810000 0.731272
23820000 0.734794
23830000 0.729286
23840000 0.727981
23850000 0.727755
23860000 0.726947
23870000 0.72738
23880000 0.729458
23890000 0.729439
23900000 0.728168
23910000 0.739046
23920000 0.732436
23930000 0.729352
23940000 0.738178
23950000 0.735195
23960000 0.73114
23970000 0.735746
23980000 0.721346
23990000 0.733372
24000000 0.734917
24010000 0.736512
24020000 0.738414
24030000 0.732335
24040000 0.736053
24050000 0.741303
24060000 0.737101
24070000 0.742921
24080000 0.739436
24090000 0.737025
24100000 0.733828
24110000 0.739456
24120000 0.732088
24130000 0.740888
24140000 0.735995
24150000 0.734502
24160000 0.735456
24170000 0.736518
24180000 0.730666
24190000 0.73878
24200000 0.736541
24210000 0.738803
24220000 0.74199
24230000 0.737596
24240000 0.731336
24250000 0.733478
24260000 0.733575
24270000 0.730633
24280000 0.733914
24290000 0.733818
24300000 0.732307
24310000 0.73507
24320000 0.732288
24330000 0.734767
24340000 0.738366
24350000 0.735752
24360000 0.736789
24370000 0.737953
24380000 0.737628
24390000 0.734885
24400000 0.736828
24410000 0.73252
24420000 0.733597
24430000 0.737054
24440000 0.73039
24450000 0.728498
24460000 0.73608
24470000 0.734574
24480000 0.734253
24490000 0.729193
24500000 0.739218
24510000 0.734653
24520000 0.736432
24530000 0.726181
24540000 0.728823
24550000 0.729545
24560000 0.73501
24570000 0.736083
24580000 0.738011
24590000 0.741508
24600000 0.734705
24610000 0.737252
24620000 0.742623
24630000 0.737772
24640000 0.735672
24650000 0.735863
24660000 0.738889
24670000 0.736229
24680000 0.746091
24690000 0.740799
24700000 0.734991
24710000 0.736376
24720000 0.739982
24730000 0.748093
24740000 0.735557
24750000 0.743486
24760000 0.741583
24770000 0.741797
24780000 0.744905
24790000 0.737842
24800000 0.744074
24810000 0.737241
24820000 0.736973
24830000 0.736003
24840000 0.743586
24850000 0.747162
24860000 0.738723
24870000 0.743583
24880000 0.745145
24890000 0.747184
24900000 0.743275
24910000 0.745544
24920000 0.740669
24930000 0.745209
24940000 0.740129
24950000 0.743099
24960000 0.738399
24970000 0.740722
24980000 0.740523
24990000 0.736947
25000000 0.736593
25010000 0.734162
25020000 0.740806
25030000 0.740212
25040000 0.742267
25050000 0.741306
25060000 0.737502
25070000 0.743879
25080000 0.745274
25090000 0.743092
25100000 0.739584
25110000 0.743213
25120000 0.746838
25130000 0.745618
25140000 0.738746
25150000 0.742065
25160000 0.74259
25170000 0.740702
25180000 0.74137
25190000 0.745495
25200000 0.745697
25210000 0.742501
25220000 0.744421
25230000 0.746753
25240000 0.738832
25250000 0.749444
25260000 0.75014
25270000 0.747451
25280000 0.744475
25290000 0.744381
25300000 0.741014
25310000 0.742841
25320000 0.741554
25330000 0.743831
25340000 0.745897
25350000 0.748794
25360000 0.748844
25370000 0.740235
25380000 0.742901
25390000 0.748118
25400000 0.750215
25410000 0.747719
25420000 0.743348
25430000 0.745381
25440000 0.750267
25450000 0.743113
25460000 0.751162
25470000 0.744344
25480000 0.745698
25490000 0.743385
25500000 0.750234
25510000 0.74827
25520000 0.751532
25530000 0.757229
25540000 0.753926
25550000 0.752311
25560000 0.752555
25570000 0.755473
25580000 0.752082
25590000 0.749864
25600000 0.751837
25610000 0.750576
25620000 0.744585
25630000 0.747067
25640000 0.747671
25650000 0.742821
25660000 0.747852
25670000 0.746739
25680000 0.749018
25690000 0.748059
25700000 0.750178
25710000 0.749008
25720000 0.748322
25730000 0.745456
25740000 0.746302
25750000 0.744448
25760000 0.749756
25770000 0.746653
25780000 0.744115
25790000 0.744176
25800000 0.750329
25810000 0.747809
25820000 0.749822
25830000 0.746508
25840000 0.747623
25850000 0.747064
25860000 0.74576
25870000 0.745599
25880000 0.741203
25890000 0.74619
25900000 0.747158
25910000 0.747557
25920000 0.742689
25930000 0.747413
25940000 0.743362
25950000 0.748548
25960000 0.743474
25970000 0.74758
25980000 0.739883
25990000 0.747602
26000000 0.745304
26010000 0.749426
26020000 0.752207
26030000 0.754899
26040000 0.754926
26050000 0.752818
26060000 0.747384
26070000 0.749858
26080000 0.751292
26090000 0.749023
26100000 0.753301
26110000 0.75406
26120000 0.752592
26130000 0.755322
26140000 0.751831
26150000 0.756127
26160000 0.74909
26170000 0.748143
26180000 0.748359
26190000 0.742595
26200000 0.751238
26210000 0.751653
26220000 0.746555
26230000 0.752458
26240000 0.758462
26250000 0.755912
26260000 0.750146
26270000 0.748765
26280000 0.746552
26290000 0.751707
26300000 0.755455
26310000 0.753275
26320000 0.759241
26330000 0.753054
26340000 0.758244
26350000 0.753349
26360000 0.753696
26370000 0.751764
26380000 0.750648
26390000 0.756147
26400000 0.753773
26410000 0.749063
26420000 0.754606
26430000 0.751988
26440000 0.743862
26450000 0.746539
26460000 0.753792
26470000 0.747529
26480000 0.745138
26490000 0.755547
26500000 0.753324
26510000 0.754146
26520000 0.74788
26530000 0.749668
26540000 0.751434
26550000 0.75509
26560000 0.755686
26570000 0.757806
26580000 0.752591
26590000 0.755413
26600000 0.757099
26610000 0.756464
26620000 0.758502
26630000 0.759737
26640000 0.754929
26650000 0.759051
26660000 0.755053
26670000 0.754153
26680000 0.757134
26690000 0.74926
26700000 0.74856
26710000 0.757465
26720000 0.75262
26730000 0.755481
26740000 0.757343
26750000 0.753435
26760000 0.7566
26770000 0.753699
26780000 0.756329
26790000 0.75608
26800000 0.763459
26810000 0.760916
26820000 0.758709
26830000 0.764601
26840000 0.759235
26850000 0.757441
26860000 0.753326
26870000 0.752519
26880000 0.75345
26890000 0.751315
26900000 0.751876
26910000 0.746161
26920000 0.75171
26930000 0.755581
26940000 0.755499
26950000 0.756986
26960000 0.75369
26970000 0.748796
26980000 0.753938
26990000 0.755538
27000000 0.755085
27010000 0.751944
27020000 0.753697
27030000 0.757466
27040000 0.753967
27050000 0.755998
27060000 0.755141
27070000 0.763783
27080000 0.764488
27090000 0.755654
27100000 0.759513
27110000 0.758982
27120000 0.756804
27130000 0.755284
27140000 0.760158
27150000 0.759099
27160000 0.756476
27170000 0.75806
27180000 0.762609
27190000 0.758088
27200000 0.751045
27210000 0.758346
27220000 0.757568
27230000 0.760171
27240000 0.75723
27250000 0.757341
27260000 0.765056
27270000 0.753291
27280000 0.760066
27290000 0.760379
27300000 0.75935
27310000 0.755786
27320000 0.75109
27330000 0.754568
27340000 0.74994
27350000 0.7541
27360000 0.754076
27370000 0.756923
27380000 0.754893
27390000 0.760381
27400000 0.755298
27410000 0.754462
27420000 0.753264
27430000 0.755595
27440000 0.752569
27450000 0.756856
27460000 0.754256
27470000 0.75916
27480000 0.76053
27490000 0.757886
27500000 0.757701
27510000 0.765666
27520000 0.754947
27530000 0.749045
27540000 0.753888
27550000 0.758949
27560000 0.756356
27570000 0.755915
27580000 0.758926
27590000 0.75641
27600000 0.758273
27610000 0.753858
27620000 0.75943
27630000 0.754113
27640000 0.758866
27650000 0.750314
27660000 0.757319
27670000 0.753217
27680000 0.75638
27690000 0.759661
27700000 0.75523
27710000 0.753797
27720000 0.753657
27730000 0.759625
27740000 0.754722
27750000 0.754455
27760000 0.755014
27770000 0.753423
27780000 0.756826
27790000 0.746817
27800000 0.750763
27810000 0.750135
27820000 0.750038
27830000 0.757557
27840000 0.750629
27850000 0.757827
27860000 0.76065
27870000 0.756023
27880000 0.754585
27890000 0.751036
27900000 0.755882
27910000 0.755498
27920000 0.754979
27930000 0.752022
27940000 0.752585
27950000 0.75388
27960000 0.757975
27970000 0.759622
27980000 0.752843
27990000 0.756933
28000000 0.755934
28010000 0.753524
28020000 0.754174
28030000 0.7563
28040000 0.75545
28050000 0.758281
28060000 0.753418
28070000 0.756704
28080000 0.757876
28090000 0.759247
28100000 0.763712
28110000 0.754502
28120000 0.759692
28130000 0.758472
28140000 0.760734
28150000 0.758369
28160000 0.753052
28170000 0.764391
28180000 0.758634
28190000 0.762263
28200000 0.761462
28210000 0.757187
28220000 0.753798
28230000 0.748154
28240000 0.753955
28250000 0.753522
28260000 0.754856
28270000 0.756515
28280000 0.75497
28290000 0.758635
28300000 0.756213
28310000 0.750357
28320000 0.748404
28330000 0.750726
28340000 0.753294
28350000 0.749027
28360000 0.754598
28370000 0.746057
28380000 0.750842
28390000 0.753314
28400000 0.754155
28410000 0.75659
28420000 0.754961
28430000 0.762619
28440000 0.7551
28450000 0.756273
28460000 0.761739
28470000 0.761434
28480000 0.761057
28490000 0.757832
28500000 0.754166
28510000 0.75752
28520000 0.750311
28530000 0.754528
28540000 0.754282
28550000 0.752757
28560000 0.755297
28570000 0.75461
28580000 0.756901
28590000 0.756132
28600000 0.751874
28610000 0.756426
28620000 0.759815
28630000 0.75073
28640000 0.758559
28650000 0.74993
28660000 0.754473
28670000 0.758261
28680000 0.759266
28690000 0.760103
28700000 0.755239
28710000 0.75937
28720000 0.756056
28730000 0.766551
28740000 0.756918
28750000 0.757868
28760000 0.75417
28770000 0.754698
28780000 0.756202
28790000 0.758194
28800000 0.75995
28810000 0.755154
28820000 0.759979
28830000 0.761696
28840000 0.764826
28850000 0.764534
28860000 0.762823
28870000 0.763202
28880000 0.762105
28890000 0.760302
28900000 0.754995
28910000 0.764174
28920000 0.756276
28930000 0.759067
28940000 0.759865
28950000 0.75202
28960000 0.752979
28970000 0.748692
28980000 0.75724
28990000 0.755908
29000000 0.760945
29010000 0.764685
29020000 0.756264
29030000 0.756089
29040000 0.75146
29050000 0.760382
29060000 0.760209
29070000 0.758697
29080000 0.75802
29090000 0.753816
29100000 0.754268
29110000 0.756774
29120000 0.75029
29130000 0.75514
29140000 0.756323
29150000 0.75562
29160000 0.760318
29170000 0.75391
29180000 0.758818
29190000 0.75941
29200000 0.761398
29210000 0.754833
29220000 0.758564
29230000 0.760203
29240000 0.752904
29250000 0.758213
29260000 0.756603
29270000 0.753176
29280000 0.751236
29290000 0.754085
29300000 0.755726
29310000 0.758538
29320000 0.762625
29330000 0.759679
29340000 0.76213
29350000 0.756362
29360000 0.752551
29370000 0.755315
29380000 0.756817
29390000 0.755754
29400000 0.758604
29410000 0.753694
29420000 0.752339
29430000 0.755898
29440000 0.754477
29450000 0.756995
29460000 0.75791
29470000 0.755234
29480000 0.754667
29490000 0.752114
29500000 0.753641
29510000 0.756921
29520000 0.751017
29530000 0.755672
29540000 0.755937
29550000 0.752717
29560000 0.75334
29570000 0.757206
29580000 0.754167
29590000 0.757369
29600000 0.755457
29610000 0.750065
29620000 0.753376
29630000 0.746878
29640000 0.742544
29650000 0.75067
29660000 0.754243
29670000 0.758259
29680000 0.746024
29690000 0.749384
29700000 0.750596
29710000 0.753238
29720000 0.747869
29730000 0.747195
29740000 0.746582
29750000 0.749849
29760000 0.756449
29770000 0.755746
29780000 0.753761
29790000 0.75704
29800000 0.754115
29810000 0.757289
29820000 0.74619
29830000 0.755932
29840000 0.753939
29850000 0.748231
29860000 0.752556
29870000 0.750757
29880000 0.754462
29890000 0.754321
29900000 0.7591
29910000 0.754266
29920000 0.754231
29930000 0.753243
29940000 0.756734
29950000 0.75208
29960000 0.756979
29970000 0.759987
29980000 0.754043
29990000 0.754775
30000000 0.750999
30010000 0.755889
30020000 0.753941
30030000 0.748141
30040000 0.756175
30050000 0.751068
30060000 0.749367
30070000 0.741759
30080000 0.740594
30090000 0.746699
30100000 0.750173
30110000 0.748006
30120000 0.75032
30130000 0.752478
30140000 0.744886
30150000 0.754995
30160000 0.758543
30170000 0.758708
30180000 0.753303
30190000 0.754595
30200000 0.755266
30210000 0.760757
30220000 0.753431
30230000 0.759357
30240000 0.758557
30250000 0.756035
30260000 0.75037
30270000 0.755101
30280000 0.751158
30290000 0.757738
30300000 0.754097
30310000 0.750394
30320000 0.754893
30330000 0.752505
30340000 0.755215
30350000 0.755864
30360000 0.758399
30370000 0.754377
30380000 0.758037
30390000 0.753261
30400000 0.751446
30410000 0.750285
30420000 0.751725
30430000 0.751563
30440000 0.7539
30450000 0.758624
30460000 0.756237
30470000 0.754808
30480000 0.75014
30490000 0.754201
30500000 0.755501
30510000 0.7585
30520000 0.757548
30530000 0.748205
30540000 0.755366
30550000 0.754801
30560000 0.75215
30570000 0.757832
30580000 0.754134
30590000 0.75439
30600000 0.754781
30610000 0.758171
30620000 0.760557
30630000 0.756745
30640000 0.763196
30650000 0.759231
30660000 0.756417
30670000 0.758593
30680000 0.758983
30690000 0.762627
30700000 0.758924
30710000 0.75636
30720000 0.763351
30730000 0.759307
30740000 0.759254
30750000 0.757935
30760000 0.758023
30770000 0.761541
30780000 0.755268
30790000 0.754208
30800000 0.755087
30810000 0.751038
30820000 0.755647
30830000 0.760817
30840000 0.759439
30850000 0.75546
30860000 0.751653
30870000 0.754085
30880000 0.75715
30890000 0.756103
30900000 0.755748
30910000 0.756826
30920000 0.76016
30930000 0.760206
30940000 0.761879
30950000 0.74955
30960000 0.753107
30970000 0.758281
30980000 0.755369
30990000 0.754811
31000000 0.75495
31010000 0.760857
31020000 0.75548
31030000 0.760574
31040000 0.757218
31050000 0.757235
31060000 0.75819
31070000 0.755036
31080000 0.759381
31090000 0.762296
31100000 0.759514
31110000 0.762601
31120000 0.760451
31130000 0.761282
31140000 0.763016
31150000 0.760244
31160000 0.767468
31170000 0.765065
31180000 0.761072
31190000 0.767431
31200000 0.761724
31210000 0.756299
31220000 0.760896
31230000 0.764102
31240000 0.753565
31250000 0.754901
31260000 0.756357
31270000 0.758594
31280000 0.760641
31290000 0.760559
31300000 0.760869
31310000 0.756452
31320000 0.759656
31330000 0.761238
31340000 0.763769
31350000 0.756526
31360000 0.759424
31370000 0.756933
31380000 0.759522
31390000 0.764946
31400000 0.762043
31410000 0.761364
31420000 0.761933
31430000 0.764816
31440000 0.764013
31450000 0.765472
31460000 0.762949
31470000 0.765641
31480000 0.767543
31490000 0.764985
31500000 0.768291
31510000 0.766854
31520000 0.761502
31530000 0.761257
31540000 0.757896
31550000 0.759399
31560000 0.757975
31570000 0.764619
31580000 0.759123
31590000 0.755316
31600000 0.762487
31610000 0.756845
31620000 0.761345
31630000 0.757322
31640000 0.758242
31650000 0.755963
31660000 0.756097
31670000 0.756116
31680000 0.753681
31690000 0.754987
31700000 0.757205
31710000 0.760336
31720000 0.765639
31730000 0.768433
31740000 0.764861
31750000 0.762037
31760000 0.765075
31770000 0.769657
31780000 0.759755
31790000 0.760741
31800000 0.758388
31810000 0.759699
31820000 0.761244
31830000 0.758969
31840000 0.765766
31850000 0.762004
31860000 0.763596
31870000 0.760837
31880000 0.763682
31890000 0.761451
31900000 0.765469
31910000 0.760791
31920000 0.76783
31930000 0.768113
31940000 0.762105
31950000 0.765646
31960000 0.766388
31970000 0.765471
31980000 0.76277
31990000 0.763364
32000000 0.756565
32010000 0.759714
32020000 0.764124
32030000 0.761048
32040000 0.760605
32050000 0.767817
32060000 0.758995
32070000 0.75682
32080000 0.757521
32090000 0.761027
32100000 0.757801
32110000 0.758861
32120000 0.76253
32130000 0.761595
32140000 0.763351
32150000 0.764613
32160000 0.763956
32170000 0.760709
32180000 0.765183
32190000 0.765479
32200000 0.763973
32210000 0.758563
32220000 0.765085
32230000 0.763245
32240000 0.7595
32250000 0.759442
32260000 0.765595
32270000 0.760007
32280000 0.767689
32290000 0.764149
32300000 0.766472
32310000 0.763301
32320000 0.767081
32330000 0.761267
32340000 0.773675
32350000 0.766052
32360000 0.759852
32370000 0.762729
32380000 0.763774
32390000 0.761176
32400000 0.767157
32410000 0.766661
32420000 0.761377
32430000 0.767978
32440000 0.760206
32450000 0.762489
32460000 0.762335
32470000 0.762828
32480000 0.765397
32490000 0.760142
32500000 0.769377
32510000 0.765578
32520000 0.766232
32530000 0.767438
32540000 0.766053
32550000 0.763074
32560000 0.766432
32570000 0.766575
32580000 0.772765
32590000 0.768642
32600000 0.770681
32610000 0.77112
32620000 0.769188
32630000 0.774662
32640000 0.761864
32650000 0.763762
32660000 0.765294
32670000 0.77321
32680000 0.766777
32690000 0.770086
32700000 0.770309
32710000 0.76784
32720000 0.774988
32730000 0.766706
32740000 0.773189
32750000 0.761046
32760000 0.767779
32770000 0.765665
32780000 0.767393
32790000 0.77157
32800000 0.766671
32810000 0.768767
32820000 0.771078
32830000 0.768575
32840000 0.772379
32850000 0.770198
32860000 0.766326
32870000 0.767022
32880000 0.76365
32890000 0.769292
32900000 0.763876
32910000 0.762017
32920000 0.770312
32930000 0.768605
32940000 0.761425
32950000 0.766558
32960000 0.761928
32970000 0.767187
32980000 0.764979
32990000 0.765656
33000000 0.767483
33010000 0.769162
33020000 0.769277
33030000 0.769444
33040000 0.765414
33050000 0.767727
33060000 0.766576
33070000 0.768088
33080000 0.768094
33090000 0.770094
33100000 0.765074
33110000 0.772731
33120000 0.764314
33130000 0.766701
33140000 0.76685
33150000 0.769213
33160000 0.767885
33170000 0.769512
33180000 0.763369
33190000 0.768132
33200000 0.767168
33210000 0.761646
33220000 0.762905
33230000 0.769474
33240000 0.777994
33250000 0.772858
33260000 0.768155
33270000 0.768163
33280000 0.7701
33290000 0.767463
33300000 0.76186
33310000 0.766422
33320000 0.763538
33330000 0.768781
33340000 0.768018
33350000 0.764643
33360000 0.765361
33370000 0.768686
33380000 0.769422
33390000 0.768124
33400000 0.769026
33410000 0.763464
33420000 0.761031
33430000 0.766844
33440000 0.765897
33450000 0.764931
33460000 0.761288
33470000 0.772684
33480000 0.763182
33490000 0.764208
33500000 0.768557
33510000 0.765524
33520000 0.763299
33530000 0.763127
33540000 0.763745
33550000 0.76894
33560000 0.765222
33570000 0.767027
33580000 0.76561
33590000 0.765412
33600000 0.767955
33610000 0.770397
33620000 0.76995
33630000 0.767212
33640000 0.761411
33650000 0.766479
33660000 0.763592
33670000 0.766789
33680000 0.765681
33690000 0.762154
33700000 0.757383
33710000 0.768382
33720000 0.764535
33730000 0.768158
33740000 0.766678
33750000 0.762277
33760000 0.772441
33770000 0.768441
33780000 0.770175
33790000 0.767732
33800000 0.767161
33810000 0.764084
33820000 0.766081
33830000 0.776261
33840000 0.771134
33850000 0.770643
33860000 0.769024
33870000 0.765745
33880000 0.77081
33890000 0.762638
33900000 0.760422
33910000 0.765539
33920000 0.757474
33930000 0.763022
33940000 0.764512
33950000 0.767059
33960000 0.769067
33970000 0.760435
33980000 0.764882
33990000 0.762269
34000000 0.760732
34010000 0.760054
34020000 0.76493
34030000 0.76658
34040000 0.765572
34050000 0.766095
34060000 0.765622
34070000 0.765449
34080000 0.764283
34090000 0.769224
34100000 0.762109
34110000 0.767096
34120000 0.764229
34130000 0.766911
34140000 0.766049
34150000 0.769781
34160000 0.761175
34170000 0.762304
34180000 0.76403
34190000 0.764759
34200000 0.76349
34210000 0.760087
34220000 0.763495
34230000 0.764198
34240000 0.763801
34250000 0.766308
34260000 0.769602
34270000 0.76422
34280000 0.769539
34290000 0.771981
34300000 0.7738
34310000 0.770214
34320000 0.761581
34330000 0.770729
34340000 0.767761
34350000 0.773538
34360000 0.769489
34370000 0.759082
34380000 0.771101
34390000 0.774527
34400000 0.765428
34410000 0.768135
34420000 0.769719
34430000 0.767744
34440000 0.771131
34450000 0.769157
34460000 0.766604
34470000 0.769262
34480000 0.768008
34490000 0.766669
34500000 0.760532
34510000 0.770134
34520000 0.770839
34530000 0.768197
34540000 0.769769
34550000 0.769158
34560000 0.767566
34570000 0.764335
34580000 0.770314
34590000 0.770037
34600000 0.770629
34610000 0.769932
34620000 0.775125
34630000 0.764751
34640000 0.769637
34650000 0.772443
34660000 0.770698
34670000 0.765657
34680000 0.772157
34690000 0.772766
34700000 0.771783
34710000 0.769022
34720000 0.767392
34730000 0.767465
34740000 0.770504
34750000 0.769801
34760000 0.773497
34770000 0.769567
34780000 0.772697
34790000 0.77082
34800000 0.770593
34810000 0.764641
34820000 0.767918
34830000 0.77186
34840000 0.770942
34850000 0.771354
34860000 0.768981
34870000 0.764969
34880000 0.766158
34890000 0.765723
34900000 0.764093
34910000 0.771886
34920000 0.768052
34930000 0.766442
34940000 0.768414
34950000 0.766971
34960000 0.768308
34970000 0.770184
34980000 0.769678
34990000 0.776877
35000000 0.772823
35010000 0.764425
35020000 0.768026
35030000 0.770235
35040000 0.773738
35050000 0.776152
35060000 0.779233
35070000 0.774334
35080000 0.774474
35090000 0.767098
35100000 0.769443
35110000 0.765219
35120000 0.770282
35130000 0.774773
35140000 0.772329
35150000 0.769947
35160000 0.782357
35170000 0.776854
35180000 0.771294
35190000 0.775461
35200000 0.7728
35210000 0.777261
35220000 0.776262
35230000 0.778659
35240000 0.7775
35250000 0.770099
35260000 0.773015
35270000 0.774256
35280000 0.772538
35290000 0.770703
35300000 0.769097
35310000 0.770435
35320000 0.775795
35330000 0.771961
35340000 0.772251
35350000 0.772265
35360000 0.770638
35370000 0.769786
35380000 0.765343
35390000 0.771674
35400000 0.774849
35410000 0.774041
35420000 0.775531
35430000 0.782341
35440000 0.77124
35450000 0.773693
35460000 0.773355
35470000 0.771004
35480000 0.769597
35490000 0.774828
35500000 0.769705
35510000 0.772631
35520000 0.770278
35530000 0.774692
35540000 0.770204
35550000 0.771413
35560000 0.771437
35570000 0.774474
35580000 0.768011
35590000 0.774237
35600000 0.773556
35610000 0.777891
35620000 0.775944
35630000 0.779425
35640000 0.776484
35650000 0.769502
35660000 0.768258
35670000 0.770206
35680000 0.768358
35690000 0.772866
35700000 0.770235
35710000 0.771215
35720000 0.774305
35730000 0.770827
35740000 0.773586
35750000 0.775346
35760000 0.777264
35770000 0.772613
35780000 0.769126
35790000 0.772207
35800000 0.767663
35810000 0.770403
35820000 0.77155
35830000 0.772628
35840000 0.769986
35850000 0.777905
35860000 0.773366
35870000 0.766813
35880000 0.77544
35890000 0.77326
35900000 0.778126
35910000 0.776116
35920000 0.774639
35930000 0.775706
35940000 0.770502
35950000 0.768836
35960000 0.774625
35970000 0.772214
35980000 0.780506
35990000 0.776976
36000000 0.779821
36010000 0.778152
36020000 0.77788
36030000 0.767022
36040000 0.776259
36050000 0.771752
36060000 0.774602
36070000 0.770617
36080000 0.77808
36090000 0.774487
36100000 0.767038
36110000 0.773931
36120000 0.76944
36130000 0.768866
36140000 0.76651
36150000 0.766118
36160000 0.774206
36170000 0.769024
36180000 0.775596
36190000 0.776741
36200000 0.772327
36210000 0.773814
36220000 0.768802
36230000 0.771418
36240000 0.768763
36250000 0.771504
36260000 0.775047
36270000 0.769228
36280000 0.776395
36290000 0.771608
36300000 0.774416
36310000 0.772467
36320000 0.771068
36330000 0.77574
36340000 0.773078
36350000 0.776458
36360000 0.771175
36370000 0.772072
36380000 0.766907
36390000 0.771593
36400000 0.769293
36410000 0.77067
36420000 0.768477
36430000 0.769628
36440000 0.776441
36450000 0.769951
36460000 0.768682
36470000 0.771542
36480000 0.774799
36490000 0.767587
36500000 0.765777
36510000 0.768252
36520000 0.764153
36530000 0.774382
36540000 0.770216
36550000 0.773254
36560000 0.769682
36570000 0.772299
36580000 0.767276
36590000 0.771402
36600000 0.777901
36610000 0.775894
36620000 0.775725
36630000 0.772467
36640000 0.771607
36650000 0.776151
36660000 0.775333
36670000 0.779575
36680000 0.775507
36690000 0.782663
36700000 0.7752
36710000 0.772565
36720000 0.778604
36730000 0.775857
36740000 0.768202
36750000 0.776735
36760000 0.776517
36770000 0.77724
36780000 0.77493
36790000 0.771004
36800000 0.777449
36810000 0.774426
36820000 0.770828
36830000 0.772506
36840000 0.775436
36850000 0.778766
36860000 0.781473
36870000 0.775702
36880000 0.774284
36890000 0.770535
36900000 0.777592
36910000 0.779293
36920000 0.774097
36930000 0.777757
36940000 0.774756
36950000 0.779192
36960000 0.770857
36970000 0.775621
36980000 0.773777
36990000 0.776201
37000000 0.776067
37010000 0.775062
37020000 0.774129
37030000 0.772419
37040000 0.773996
37050000 0.77251
37060000 0.774916
37070000 0.776265
37080000 0.777465
37090000 0.781764
37100000 0.781082
37110000 0.778411
37120000 0.773341
37130000 0.773037
37140000 0.774057
37150000 0.776937
37160000 0.775306
37170000 0.775611
37180000 0.776693
37190000 0.781761
37200000 0.777798
37210000 0.775211
37220000 0.778022
37230000 0.778335
37240000 0.77635
37250000 0.778365
37260000 0.775369
37270000 0.77797
37280000 0.781583
37290000 0.783076
37300000 0.77845
37310000 0.781266
37320000 0.782905
37330000 0.775894
37340000 0.77755
37350000 0.77891
37360000 0.783073
37370000 0.783728
37380000 0.776061
37390000 0.782026
37400000 0.77905
37410000 0.776218
37420000 0.77923
37430000 0.778338
37440000 0.773835
37450000 0.778143
37460000 0.769415
37470000 0.781136
37480000 0.783374
37490000 0.776058
37500000 0.771051
37510000 0.779969
37520000 0.773818
37530000 0.77914
37540000 0.777463
37550000 0.779059
37560000 0.775722
37570000 0.781883
37580000 0.785841
37590000 0.781784
37600000 0.779758
37610000 0.778897
37620000 0.780264
37630000 0.7811
37640000 0.778146
37650000 0.781273
37660000 0.781944
37670000 0.780937
37680000 0.772488
37690000 0.773927
37700000 0.775548
37710000 0.773251
37720000 0.779786
37730000 0.776685
37740000 0.773021
37750000 0.775903
37760000 0.773371
37770000 0.778512
37780000 0.779468
37790000 0.778258
37800000 0.778775
37810000 0.775552
37820000 0.777487
37830000 0.778783
37840000 0.785573
37850000 0.777479
37860000 0.782579
37870000 0.779613
37880000 0.776756
37890000 0.781073
37900000 0.776078
37910000 0.775893
37920000 0.775054
37930000 0.772431
37940000 0.7747
37950000 0.78119
37960000 0.777925
37970000 0.780322
37980000 0.777717
37990000 0.777897
38000000 0.774943
38010000 0.77307
38020000 0.773667
38030000 0.775825
38040000 0.771072
38050000 0.774226
38060000 0.776384
38070000 0.771502
38080000 0.774536
38090000 0.769446
38100000 0.774682
38110000 0.773348
38120000 0.775068
38130000 0.777048
38140000 0.78013
38150000 0.777694
38160000 0.77729
38170000 0.774888
38180000 0.777038
38190000 0.773987
38200000 0.777722
38210000 0.778852
38220000 0.773531
38230000 0.776546
38240000 0.776061
38250000 0.773881
38260000 0.774318
38270000 0.780024
38280000 0.780914
38290000 0.779802
38300000 0.780612
38310000 0.775283
38320000 0.772386
38330000 0.774102
38340000 0.778877
38350000 0.773411
38360000 0.775769
38370000 0.774307
38380000 0.775716
38390000 0.778394
38400000 0.778248
38410000 0.773608
38420000 0.778896
38430000 0.777837
38440000 0.782972
38450000 0.776404
38460000 0.782121
38470000 0.779526
38480000 0.775983
38490000 0.781119
38500000 0.781454
38510000 0.778717
38520000 0.77821
38530000 0.776317
38540000 0.778278
38550000 0.782397
38560000 0.777116
38570000 0.774143
38580000 0.779203
38590000 0.775914
38600000 0.779163
38610000 0.774742
38620000 0.776025
38630000 0.775624
38640000 0.779824
38650000 0.78216
38660000 0.779774
38670000 0.78008
38680000 0.779975
38690000 0.779777
38700000 0.782431
38710000 0.784933
38720000 0.78409
38730000 0.782898
38740000 0.785671
38750000 0.784961
38760000 0.783749
38770000 0.78416
38780000 0.777581
38790000 0.776102
38800000 0.782516
38810000 0.77901
38820000 0.779643
38830000 0.780619
38840000 0.773439
38850000 0.777936
38860000 0.775154
38870000 0.780553
38880000 0.778135
38890000 0.780442
38900000 0.77962
38910000 0.781459
38920000 0.779776
38930000 0.771653
38940000 0.778091
38950000 0.777558
38960000 0.778691
38970000 0.775638
38980000 0.781088
38990000 0.779992
39000000 0.782986
39010000 0.783167
39020000 0.784773
39030000 0.779346
39040000 0.778196
39050000 0.778711
39060000 0.77842
39070000 0.777063
39080000 0.775142
39090000 0.778369
39100000 0.77934
39110000 0.778396
39120000 0.777152
39130000 0.775792
39140000 0.774552
39150000 0.782549
39160000 0.774332
39170000 0.773981
39180000 0.7783
39190000 0.782716
39200000 0.780656
39210000 0.781612
39220000 0.775961
39230000 0.779212
39240000 0.771672
39250000 0.774204
39260000 0.773733
39270000 0.78062
39280000 0.776929
39290000 0.775128
39300000 0.773588
39310000 0.777109
39320000 0.778361
39330000 0.780177
39340000 0.774322
39350000 0.776188
39360000 0.777053
39370000 0.779309
39380000 0.77631
39390000 0.778043
39400000 0.775372
39410000 0.775656
39420000 0.772113
39430000 0.776359
39440000 0.774249
39450000 0.777046
39460000 0.776077
39470000 0.775935
39480000 0.773021
39490000 0.783372
39500000 0.77622
39510000 0.781345
39520000 0.77328
39530000 0.77802
39540000 0.781661
39550000 0.779123
39560000 0.776387
39570000 0.774956
39580000 0.782001
39590000 0.773941
39600000 0.775831
39610000 0.776551
39620000 0.779633
39630000 0.778384
39640000 0.77971
39650000 0.783762
39660000 0.782301
39670000 0.778444
39680000 0.778231
39690000 0.774453
39700000 0.778425
39710000 0.77741
39720000 0.777721
39730000 0.775358
39740000 0.777358
39750000 0.778089
39760000 0.781054
39770000 0.78018
39780000 0.779169
39790000 0.779088
39800000 0.778614
39810000 0.779445
39820000 0.776871
39830000 0.780818
39840000 0.780662
39850000 0.780094
39860000 0.780871
39870000 0.780192
39880000 0.781488
39890000 0.774876
39900000 0.775087
39910000 0.777321
39920000 0.785476
39930000 0.780829
39940000 0.776964
39950000 0.778271
39960000 0.779205
39970000 0.77948
39980000 0.782975
39990000 0.77927
40000000 0.779655
