0 -7.15981e-06
10000 5.75706e-05
20000 6.1203e-05
30000 -8.50478e-05
40000 1.56017e-05
50000 2.6085e-05
60000 -2.08536e-05
70000 -1.13186e-05
80000 -2.68509e-05
90000 4.86384e-05
100000 1.05472e-05
110000 0.000128905
120000 6.53915e-05
130000 -1.96919e-05
140000 0.000179146
150000 8.88106e-05
160000 4.35619e-05
170000 7.90543e-06
180000 -4.99289e-06
190000 -8.07187e-05
200000 6.61514e-05
210000 4.55869e-05
220000 2.09644e-05
230000 0.000129017
240000 -5.38745e-06
250000 3.10639e-05
260000 0.000167679
270000 5.17193e-05
280000 9.45461e-05
290000 -2.41658e-05
300000 0.000127469
310000 -9.15791e-06
320000 -1.58126e-05
330000 2.05001e-05
340000 9.21375e-05
350000 -7.43573e-05
360000 -2.61258e-05
370000 8.42338e-05
380000 -6.33276e-05
390000 3.28541e-05
400000 0.000124093
410000 -6.70695e-06
420000 7.61101e-05
430000 -6.95101e-05
440000 1.95753e-05
450000 3.2544e-05
460000 6.10754e-05
470000 0.000260103
480000 6.12954e-05
490000 0.000174209
500000 0.000269616
510000 8.78975e-05
520000 -0.000124492
530000 1.95322e-05
540000 0.000196008
550000 -3.50749e-05
560000 0.000175909
570000 0.000173251
580000 0.000116802
590000 0.000195949
600000 2.57725e-05
610000 0.000232966
620000 0.00021023
630000 0.000221375
640000 3.46264e-05
650000 0.000275571
660000 0.000131266
670000 7.5512e-05
680000 0.000202427
690000 0.000305645
700000 0.000381756
710000 0.000235917
720000 5.52791e-05
730000 -0.000109823
740000 0.000440843
750000 0.00014016
760000 8.50105e-05
770000 0.000150613
780000 4.69189e-05
790000 0.000239772
800000 0.000158214
810000 0.000103671
820000 0.000156497
830000 0.00015901
840000 9.62239e-05
850000 0.000421083
860000 3.73748e-05
870000 0.000289619
880000 0.000305528
890000 0.00014407
900000 0.000184559
910000 0.000594232
920000 0.00027613
930000 0.000774571
940000 0.000353713
950000 0.000705973
960000 0.000824691
970000 0.000888577
980000 0.000501883
990000 0.000520965
1000000 0.000349212
1010000 0.000605372
1020000 0.000150633
1030000 0.00053205
1040000 0.000142571
1050000 0.000109395
1060000 0.00105425
1070000 0.000302325
1080000 0.000607049
1090000 0.000355009
1100000 0.00071245
1110000 0.000186482
1120000 0.000333477
1130000 0.000548643
1140000 0.000669512
1150000 0.00025532
1160000 0.000252595
1170000 0.000330513
1180000 0.000237389
1190000 0.000428486
1200000 0.000768153
1210000 0.000599433
1220000 0.000748552
1230000 0.000478233
1240000 0.000259673
1250000 0.00018272
1260000 0.000262782
1270000 0.000321277
1280000 0.000279174
1290000 0.000335838
1300000 0.000876154
1310000 0.000679639
1320000 0.000528095
1330000 0.000843146
1340000 0.000971503
1350000 0.000529737
1360000 0.000116024
1370000 0.000995501
1380000 0.000369623
1390000 0.000241995
1400000 0.00133289
1410000 0.000563072
1420000 0.000858933
1430000 0.000411411
1440000 0.000663811
1450000 0.000814159
1460000 0.00060478
1470000 0.00118314
1480000 0.000764812
1490000 0.000833471
1500000 0.000866479
1510000 0.000490583
1520000 0.00137179
1530000 0.00126408
1540000 0.000932465
1550000 0.000777571
1560000 0.000720815
1570000 0.000791248
1580000 0.00101145
1590000 0.000748927
1600000 0.000935653
1610000 0.00127611
1620000 0.000914019
1630000 0.000737243
1640000 0.00141415
1650000 0.00114423
1660000 0.000725206
1670000 0.0010434
1680000 0.000968078
1690000 0.00204584
1700000 0.000741693
1710000 0.00118828
1720000 0.00141077
1730000 0.00139751
1740000 0.000965572
1750000 0.000814799
1760000 0.000904191
1770000 0.000875743
1780000 0.000998801
1790000 0.00143737
1800000 0.00142667
1810000 0.00146487
1820000 0.00122753
1830000 0.00151543
1840000 0.00068171
1850000 0.0008618
1860000 0.000930208
1870000 0.00101717
1880000 0.00104041
1890000 0.00110301
1900000 0.00117439
1910000 0.00100976
1920000 0.0018175
1930000 0.00131462
1940000 0.00148853
1950000 0.00155025
1960000 0.00142498
1970000 0.00219723
1980000 0.00277503
1990000 0.00152239
2000000 0.00147403
2010000 0.00151748
2020000 0.00103276
2030000 0.00248225
2040000 0.00151972
2050000 0.00220878
2060000 0.00176284
2070000 0.00214972
2080000 0.00240067
2090000 0.00226811
2100000 0.0014266
2110000 0.00243999
2120000 0.00121102
2130000 0.00243406
2140000 0.00342569
2150000 0.00288643
2160000 0.00183958
2170000 0.00187644
2180000 0.00157542
2190000 0.00245658
2200000 0.0032191
2210000 0.00232306
2220000 0.00332024
2230000 0.00141175
2240000 0.00280173
2250000 0.00142306
2260000 0.00267579
2270000 0.00268289
2280000 0.00327605
2290000 0.00263764
2300000 0.0040421
2310000 0.00452886
2320000 0.0031829
2330000 0.00145487
2340000 0.00394762
2350000 0.00181907
2360000 0.00236093
2370000 0.00360427
2380000 0.00415374
2390000 0.00288912
2400000 0.00319668
2410000 0.00360073
2420000 0.00373965
2430000 0.00234973
2440000 0.00344661
2450000 0.00251106
2460000 0.00256496
2470000 0.00530166
2480000 0.00422095
2490000 0.00386788
2500000 0.00510354
2510000 0.00470473
2520000 0.00298528
2530000 0.00266195
2540000 0.00344286
2550000 0.00563693
2560000 0.00405535
2570000 0.00381943
2580000 0.00488971
2590000 0.00442239
2600000 0.00538954
2610000 0.00502811
2620000 0.00452744
2630000 0.00465494
2640000 0.00491896
2650000 0.004787
2660000 0.00397371
2670000 0.00509048
2680000 0.00364407
2690000 0.00414102
2700000 0.00443073
2710000 0.00459098
2720000 0.00321284
2730000 0.00320055
2740000 0.0039299
2750000 0.00443491
2760000 0.00432938
2770000 0.00496096
2780000 0.00480058
2790000 0.00526121
2800000 0.00485188
2810000 0.00496075
2820000 0.00502944
2830000 0.0045311
2840000 0.00451241
2850000 0.00398397
2860000 0.0033173
2870000 0.00631549
2880000 0.00693544
2890000 0.00660913
2900000 0.00630692
2910000 0.00655815
2920000 0.00760697
2930000 0.00879698
2940000 0.00864733
2950000 0.00781244
2960000 0.00514955
2970000 0.00721932
2980000 0.00472545
2990000 0.00644687
3000000 0.00608834
3010000 0.00542745
3020000 0.00679392
3030000 0.00617906
3040000 0.00858987
3050000 0.00584704
3060000 0.00811196
3070000 0.00977934
3080000 0.00741382
3090000 0.0079646
3100000 0.00701284
3110000 0.00970167
3120000 0.00749866
3130000 0.00957673
3140000 0.00814289
3150000 0.00984924
3160000 0.00840074
3170000 0.00769661
3180000 0.00760822
3190000 0.00728988
3200000 0.011639
3210000 0.00740877
3220000 0.00999705
3230000 0.0098038
3240000 0.00966388
3250000 0.0109812
3260000 0.00954795
3270000 0.00950562
3280000 0.00916083
3290000 0.00720488
3300000 0.00809824
3310000 0.00959107
3320000 0.0109963
3330000 0.00992523
3340000 0.00948683
3350000 0.00874647
3360000 0.00912279
3370000 0.0093901
3380000 0.00982265
3390000 0.00959119
3400000 0.0102095
3410000 0.0109485
3420000 0.0112775
3430000 0.00751401
3440000 0.0112476
3450000 0.00990695
3460000 0.00994514
3470000 0.009501
3480000 0.0132701
3490000 0.011496
3500000 0.0128197
3510000 0.00995583
3520000 0.0115916
3530000 0.0128672
3540000 0.0126109
3550000 0.0131741
3560000 0.0126918
3570000 0.0135244
3580000 0.0150543
3590000 0.0140228
3600000 0.0132982
3610000 0.013264
3620000 0.0134191
3630000 0.0164195
3640000 0.0137278
3650000 0.0122406
3660000 0.012622
3670000 0.0147079
3680000 0.0165819
3690000 0.0119173
3700000 0.0145103
3710000 0.0145358
3720000 0.0127916
3730000 0.0141924
3740000 0.0168418
3750000 0.0136706
3760000 0.0125192
3770000 0.0125504
3780000 0.0136898
3790000 0.0136698
3800000 0.0153212
3810000 0.0137429
3820000 0.0146539
3830000 0.018074
3840000 0.0159086
3850000 0.0180967
3860000 0.0179378
3870000 0.0172517
3880000 0.0155382
3890000 0.0159317
3900000 0.0194357
3910000 0.0233331
3920000 0.0223664
3930000 0.0211498
3940000 0.0214139
3950000 0.0206819
3960000 0.0191631
3970000 0.0168848
3980000 0.0187564
3990000 0.0212995
4000000 0.0210173
4010000 0.0228463
4020000 0.0231376
4030000 0.0230858
4040000 0.0215032
4050000 0.0212144
4060000 0.0210483
4070000 0.0201895
4080000 0.022008
4090000 0.0186564
4100000 0.0198777
4110000 0.020066
4120000 0.0204074
4130000 0.0214386
4140000 0.0225874
4150000 0.0249596
4160000 0.0245016
4170000 0.018476
4180000 0.0216493
4190000 0.019788
4200000 0.0220642
4210000 0.0186581
4220000 0.0207001
4230000 0.0230945
4240000 0.0221611
4250000 0.0260228
4260000 0.0249249
4270000 0.0240991
4280000 0.0248245
4290000 0.0268462
4300000 0.0227073
4310000 0.0258432
4320000 0.0292123
4330000 0.0253642
4340000 0.0289791
4350000 0.0267065
4360000 0.0259408
4370000 0.0300582
4380000 0.0301599
4390000 0.0305249
4400000 0.0308191
4410000 0.0306002
4420000 0.0282765
4430000 0.028502
4440000 0.033539
4450000 0.0290076
4460000 0.0315781
4470000 0.0303204
4480000 0.030413
4490000 0.0307089
4500000 0.0289309
4510000 0.0340273
4520000 0.0351968
4530000 0.0296334
4540000 0.030137
4550000 0.0311082
4560000 0.0331798
4570000 0.0346054
4580000 0.0349932
4590000 0.0355151
4600000 0.0361614
4610000 0.0396266
4620000 0.037896
4630000 0.038413
4640000 0.0372928
4650000 0.0402362
4660000 0.0405974
4670000 0.0411779
4680000 0.0426005
4690000 0.0456746
4700000 0.0449348
4710000 0.0493319
4720000 0.0449156
4730000 0.0474563
4740000 0.0425517
4750000 0.0425616
4760000 0.0464548
4770000 0.0416941
4780000 0.0458108
4790000 0.048213
4800000 0.0453972
4810000 0.0435396
4820000 0.0463928
4830000 0.0443593
4840000 0.0435352
4850000 0.0512672
4860000 0.0503248
4870000 0.0469466
4880000 0.0547381
4890000 0.0530784
4900000 0.0530238
4910000 0.048084
4920000 0.0545295
4930000 0.0593716
4940000 0.059245
4950000 0.0600078
4960000 0.0622163
4970000 0.060739
4980000 0.0574322
4990000 0.0622333
5000000 0.0594423
5010000 0.063703
5020000 0.0662209
5030000 0.0655847
5040000 0.0710404
5050000 0.0674418
5060000 0.0647861
5070000 0.0635626
5080000 0.0615077
5090000 0.0643269
5100000 0.0642395
5110000 0.0656114
5120000 0.0621319
5130000 0.0675056
5140000 0.0699841
5150000 0.0669341
5160000 0.0690986
5170000 0.0755913
5180000 0.0716434
5190000 0.0694536
5200000 0.0703784
5210000 0.0739413
5220000 0.0709984
5230000 0.0751381
5240000 0.0722469
5250000 0.0771903
5260000 0.0773917
5270000 0.0757265
5280000 0.0775522
5290000 0.078827
5300000 0.0699268
5310000 0.0717038
5320000 0.0793005
5330000 0.0755825
5340000 0.0730546
5350000 0.0780779
5360000 0.0774064
5370000 0.0784639
5380000 0.0819369
5390000 0.0843474
5400000 0.0809832
5410000 0.0820469
5420000 0.0860988
5430000 0.0812835
5440000 0.085469
5450000 0.0853847
5460000 0.0856322
5470000 0.0879563
5480000 0.0898113
5490000 0.0896728
5500000 0.0907311
5510000 0.0878252
5520000 0.08871
5530000 0.0934548
5540000 0.0890435
5550000 0.0895485
5560000 0.092346
5570000 0.0915627
5580000 0.0915798
5590000 0.0896062
5600000 0.090942
5610000 0.0946858
5620000 0.0941083
5630000 0.0955054
5640000 0.0908441
5650000 0.0898387
5660000 0.100352
5670000 0.0985291
5680000 0.0913021
5690000 0.0925294
5700000 0.093256
5710000 0.096015
5720000 0.0955588
5730000 0.0967324
5740000 0.100031
5750000 0.104021
5760000 0.0955436
5770000 0.105092
5780000 0.0979713
5790000 0.101389
5800000 0.109053
5810000 0.102782
5820000 0.104007
5830000 0.104834
5840000 0.105763
5850000 0.107471
5860000 0.10955
5870000 0.109925
5880000 0.113558
5890000 0.108517
5900000 0.1079
5910000 0.107014
5920000 0.114926
5930000 0.110402
5940000 0.113037
5950000 0.115401
5960000 0.114491
5970000 0.107581
5980000 0.112953
5990000 0.113937
6000000 0.116073
6010000 0.120577
6020000 0.120125
6030000 0.11853
6040000 0.123264
6050000 0.123359
6060000 0.117791
6070000 0.11641
6080000 0.120633
6090000 0.129541
6100000 0.126628
6110000 0.128122
6120000 0.134272
6130000 0.121273
6140000 0.131655
6150000 0.126728
6160000 0.125296
6170000 0.134686
6180000 0.134951
6190000 0.13869
6200000 0.140386
6210000 0.132968
6220000 0.137155
6230000 0.142444
6240000 0.143641
6250000 0.143755
6260000 0.141052
6270000 0.14311
6280000 0.142708
6290000 0.142476
6300000 0.140806
6310000 0.134577
6320000 0.135811
6330000 0.137931
6340000 0.139968
6350000 0.134956
6360000 0.141367
6370000 0.14099
6380000 0.144759
6390000 0.14314
6400000 0.147424
6410000 0.143163
6420000 0.145552
6430000 0.144596
6440000 0.1504
6450000 0.155431
6460000 0.149025
6470000 0.150436
6480000 0.152917
6490000 0.151917
6500000 0.156045
6510000 0.152939
6520000 0.156976
6530000 0.14983
6540000 0.153859
6550000 0.157162
6560000 0.159798
6570000 0.16226
6580000 0.163793
6590000 0.162093
6600000 0.165644
6610000 0.164215
6620000 0.163253
6630000 0.169589
6640000 0.171089
6650000 0.173259
6660000 0.172843
6670000 0.180132
6680000 0.177071
6690000 0.178375
6700000 0.180862
6710000 0.189681
6720000 0.191339
6730000 0.187509
6740000 0.182977
6750000 0.178641
6760000 0.182214
6770000 0.189921
6780000 0.18715
6790000 0.187391
6800000 0.181969
6810000 0.199445
6820000 0.186803
6830000 0.193469
6840000 0.183986
6850000 0.186372
6860000 0.193447
6870000 0.190282
6880000 0.193611
6890000 0.195989
6900000 0.192327
6910000 0.199188
6920000 0.202211
6930000 0.203012
6940000 0.203165
6950000 0.209278
6960000 0.204318
6970000 0.200346
6980000 0.20419
6990000 0.20477
7000000 0.201321
7010000 0.208245
7020000 0.20792
7030000 0.211799
7040000 0.208888
7050000 0.205942
7060000 0.209318
7070000 0.207953
7080000 0.209608
7090000 0.211211
7100000 0.215656
7110000 0.209275
7120000 0.223924
7130000 0.218031
7140000 0.219241
7150000 0.220169
7160000 0.216851
7170000 0.222999
7180000 0.224227
7190000 0.218203
7200000 0.226987
7210000 0.221513
7220000 0.226101
7230000 0.222883
7240000 0.221239
7250000 0.221332
7260000 0.217612
7270000 0.21766
7280000 0.215369
7290000 0.2285
7300000 0.224753
7310000 0.221662
7320000 0.223033
7330000 0.228776
7340000 0.226221
7350000 0.229438
7360000 0.232484
7370000 0.236771
7380000 0.233656
7390000 0.237781
7400000 0.237543
7410000 0.237705
7420000 0.242011
7430000 0.241146
7440000 0.247401
7450000 0.245104
7460000 0.254243
7470000 0.241909
7480000 0.253172
7490000 0.249132
7500000 0.246185
7510000 0.25389
7520000 0.245501
7530000 0.250238
7540000 0.252421
7550000 0.249693
7560000 0.25019
7570000 0.25033
7580000 0.252619
7590000 0.252092
7600000 0.248258
7610000 0.258672
7620000 0.257789
7630000 0.262812
7640000 0.27166
7650000 0.27043
7660000 0.260547
7670000 0.266021
7680000 0.265069
7690000 0.270814
7700000 0.265183
7710000 0.26071
7720000 0.268308
7730000 0.268142
7740000 0.269829
7750000 0.273645
7760000 0.272714
7770000 0.275566
7780000 0.276321
7790000 0.279283
7800000 0.290342
7810000 0.287092
7820000 0.291685
7830000 0.281286
7840000 0.283377
7850000 0.289099
7860000 0.284791
7870000 0.287354
7880000 0.279594
7890000 0.283217
7900000 0.286491
7910000 0.299728
7920000 0.290072
7930000 0.294406
7940000 0.287827
7950000 0.294136
7960000 0.305141
7970000 0.301009
7980000 0.302169
7990000 0.299055
8000000 0.310915
8010000 0.307797
8020000 0.304477
8030000 0.304338
8040000 0.29667
8050000 0.30342
8060000 0.300571
8070000 0.308642
8080000 0.304576
8090000 0.315097
8100000 0.305035
8110000 0.308469
8120000 0.317195
8130000 0.325776
8140000 0.317425
8150000 0.304863
8160000 0.317755
8170000 0.31384
8180000 0.319724
8190000 0.314365
8200000 0.317227
8210000 0.318758
8220000 0.319331
8230000 0.310175
8240000 0.318425
8250000 0.321119
8260000 0.3226
8270000 0.316805
8280000 0.32047
8290000 0.320173
8300000 0.321996
8310000 0.325267
8320000 0.335102
8330000 0.332262
8340000 0.336941
8350000 0.329219
8360000 0.330254
8370000 0.338483
8380000 0.336136
8390000 0.338207
8400000 0.339898
8410000 0.346285
8420000 0.341543
8430000 0.338779
8440000 0.341577
8450000 0.3459
8460000 0.341792
8470000 0.352758
8480000 0.339301
8490000 0.342479
8500000 0.349536
8510000 0.346764
8520000 0.349634
8530000 0.347
8540000 0.347841
8550000 0.358561
8560000 0.347087
8570000 0.349634
8580000 0.349598
8590000 0.349198
8600000 0.350499
8610000 0.363226
8620000 0.363477
8630000 0.357678
8640000 0.359782
8650000 0.359817
8660000 0.365834
8670000 0.372046
8680000 0.370257
8690000 0.364877
8700000 0.369374
8710000 0.364737
8720000 0.362612
8730000 0.366128
8740000 0.369198
8750000 0.368894
8760000 0.364723
8770000 0.370241
8780000 0.362812
8790000 0.364296
8800000 0.372884
8810000 0.371119
8820000 0.377009
8830000 0.371973
8840000 0.371494
8850000 0.371059
8860000 0.370093
8870000 0.370818
8880000 0.372619
8890000 0.370401
8900000 0.369927
8910000 0.376888
8920000 0.373343
8930000 0.38231
8940000 0.38565
8950000 0.380705
8960000 0.384496
8970000 0.391739
8980000 0.385822
8990000 0.388557
9000000 0.384655
9010000 0.384692
9020000 0.391989
9030000 0.389689
9040000 0.385225
9050000 0.390591
9060000 0.3865
9070000 0.385917
9080000 0.387833
9090000 0.392903
9100000 0.395153
9110000 0.399082
9120000 0.395012
9130000 0.399337
9140000 0.403996
9150000 0.39837
9160000 0.39263
9170000 0.396467
9180000 0.39759
9190000 0.404098
9200000 0.407481
9210000 0.402346
9220000 0.403961
9230000 0.403452
9240000 0.402624
9250000 0.406517
9260000 0.405745
9270000 0.407495
9280000 0.412084
9290000 0.412027
9300000 0.403262
9310000 0.404815
9320000 0.415617
9330000 0.417348
9340000 0.415865
9350000 0.413041
9360000 0.41537
9370000 0.41577
9380000 0.409945
9390000 0.417267
9400000 0.418428
9410000 0.414161
9420000 0.416357
9430000 0.421837
9440000 0.421506
9450000 0.425187
9460000 0.418707
9470000 0.416893
9480000 0.413143
9490000 0.422096
9500000 0.413353
9510000 0.41778
9520000 0.422292
9530000 0.411383
9540000 0.42237
9550000 0.423848
9560000 0.422557
9570000 0.422087
9580000 0.42324
9590000 0.42191
9600000 0.416011
9610000 0.428252
9620000 0.420328
9630000 0.424723
9640000 0.432837
9650000 0.431625
9660000 0.436872
9670000 0.433509
9680000 0.434546
9690000 0.426485
9700000 0.432021
9710000 0.437302
9720000 0.435881
9730000 0.444986
9740000 0.437473
9750000 0.43026
9760000 0.439256
9770000 0.443378
9780000 0.441762
9790000 0.442821
9800000 0.444744
9810000 0.448742
9820000 0.442829
9830000 0.445375
9840000 0.444865
9850000 0.446787
9860000 0.452517
9870000 0.451511
9880000 0.448824
9890000 0.452797
9900000 0.452015
9910000 0.452619
9920000 0.454079
9930000 0.451797
9940000 0.450951
9950000 0.448715
9960000 0.456369
9970000 0.458979
9980000 0.455225
9990000 0.446593
10000000 0.456685
10010000 0.459671
10020000 0.458738
10030000 0.463504
10040000 0.467671
10050000 0.461733
10060000 0.46335
10070000 0.462481
10080000 0.460541
10090000 0.468715
10100000 0.469196
10110000 0.464108
10120000 0.464696
10130000 0.46239
10140000 0.466469
10150000 0.465629
10160000 0.47415
10170000 0.470838
10180000 0.477654
10190000 0.473122
10200000 0.474123
10210000 0.473516
10220000 0.472235
10230000 0.468751
10240000 0.479065
10250000 0.481357
10260000 0.477631
10270000 0.482252
10280000 0.48051
10290000 0.485889
10300000 0.477903
10310000 0.485266
10320000 0.476815
10330000 0.477059
10340000 0.48331
10350000 0.48066
10360000 0.481976
10370000 0.483804
10380000 0.485709
10390000 0.481273
10400000 0.480934
10410000 0.482585
10420000 0.490468
10430000 0.478909
10440000 0.487575
10450000 0.487496
10460000 0.492279
10470000 0.48841
10480000 0.486628
10490000 0.491975
10500000 0.488014
10510000 0.489749
10520000 0.485362
10530000 0.492494
10540000 0.487536
10550000 0.490077
10560000 0.488768
10570000 0.48639
10580000 0.490881
10590000 0.480684
10600000 0.48788
10610000 0.494076
10620000 0.488105
10630000 0.492544
10640000 0.494894
10650000 0.494566
10660000 0.493783
10670000 0.497829
10680000 0.497289
10690000 0.493691
10700000 0.498156
10710000 0.496652
10720000 0.501315
10730000 0.497161
10740000 0.501764
10750000 0.497174
10760000 0.500987
10770000 0.505514
10780000 0.501156
10790000 0.503847
10800000 0.506997
10810000 0.506027
10820000 0.508146
10830000 0.507319
10840000 0.508439
10850000 0.517882
10860000 0.513448
10870000 0.516792
10880000 0.523079
10890000 0.513795
10900000 0.515219
10910000 0.517091
10920000 0.511471
10930000 0.514142
10940000 0.523925
10950000 0.523794
10960000 0.518179
10970000 0.521048
10980000 0.529182
10990000 0.525592
11000000 0.51665
11010000 0.517937
11020000 0.527252
11030000 0.520786
11040000 0.525807
11050000 0.521409
11060000 0.519701
11070000 0.519212
11080000 0.517408
11090000 0.521282
11100000 0.521547
11110000 0.524162
11120000 0.530222
11130000 0.529188
11140000 0.535566
11150000 0.525343
11160000 0.52557
11170000 0.527025
11180000 0.523828
11190000 0.522765
11200000 0.524827
11210000 0.530522
11220000 0.52966
11230000 0.529997
11240000 0.534975
11250000 0.534544
11260000 0.533459
11270000 0.538449
11280000 0.541766
11290000 0.541215
11300000 0.541007
11310000 0.538467
11320000 0.537712
11330000 0.537657
11340000 0.540125
11350000 0.539526
11360000 0.537254
11370000 0.543278
11380000 0.54085
11390000 0.543079
11400000 0.540558
11410000 0.536071
11420000 0.549293
11430000 0.548493
11440000 0.549906
11450000 0.549986
11460000 0.547525
11470000 0.553179
11480000 0.552211
11490000 0.551575
11500000 0.555198
11510000 0.551659
11520000 0.544238
11530000 0.55505
11540000 0.552383
11550000 0.555379
11560000 0.558877
11570000 0.558501
11580000 0.55419
11590000 0.550409
11600000 0.559022
11610000 0.555891
11620000 0.555514
11630000 0.557305
11640000 0.554994
11650000 0.556958
11660000 0.555656
11670000 0.558535
11680000 0.556356
11690000 0.560372
11700000 0.553103
11710000 0.558589
11720000 0.561557
11730000 0.553145
11740000 0.556308
11750000 0.557844
11760000 0.557394
11770000 0.557317
11780000 0.559957
11790000 0.558108
11800000 0.554481
11810000 0.563636
11820000 0.562215
11830000 0.563876
11840000 0.559896
11850000 0.564261
11860000 0.564377
11870000 0.558136
11880000 0.56263
11890000 0.56478
11900000 0.571331
11910000 0.563308
11920000 0.565141
11930000 0.570254
11940000 0.565662
11950000 0.566439
11960000 0.567901
11970000 0.56899
11980000 0.578329
11990000 0.573447
12000000 0.571443
12010000 0.565579
12020000 0.566937
12030000 0.573462
12040000 0.571993
12050000 0.57302
12060000 0.568645
12070000 0.571327
12080000 0.570229
12090000 0.56791
12100000 0.569868
12110000 0.567929
12120000 0.570158
12130000 0.572464
12140000 0.574962
12150000 0.566826
12160000 0.56861
12170000 0.566507
12180000 0.57041
12190000 0.576392
12200000 0.576493
12210000 0.576294
12220000 0.577753
12230000 0.578696
12240000 0.579139
12250000 0.577651
12260000 0.576253
12270000 0.57909
12280000 0.582204
12290000 0.590251
12300000 0.592128
12310000 0.591305
12320000 0.57663
12330000 0.584725
12340000 0.585407
12350000 0.588752
12360000 0.583668
12370000 0.586217
12380000 0.583677
12390000 0.586986
12400000 0.588821
12410000 0.582943
12420000 0.58206
12430000 0.583651
12440000 0.582907
12450000 0.580518
12460000 0.585271
12470000 0.584859
12480000 0.578597
12490000 0.575554
12500000 0.582696
12510000 0.58396
12520000 0.578616
12530000 0.582306
12540000 0.590355
12550000 0.590042
12560000 0.589464
12570000 0.593882
12580000 0.591487
12590000 0.586145
12600000 0.590577
12610000 0.588031
12620000 0.582338
12630000 0.587642
12640000 0.588219
12650000 0.592507
12660000 0.592668
12670000 0.596604
12680000 0.597437
12690000 0.60045
12700000 0.591713
12710000 0.59547
12720000 0.591989
12730000 0.596114
12740000 0.601462
12750000 0.599582
12760000 0.597823
12770000 0.601625
12780000 0.601247
12790000 0.598547
12800000 0.596676
12810000 0.596228
12820000 0.597545
12830000 0.597034
12840000 0.599861
12850000 0.600096
12860000 0.591226
12870000 0.599299
12880000 0.603859
12890000 0.599447
12900000 0.598952
12910000 0.601903
12920000 0.595088
12930000 0.598633
12940000 0.598537
12950000 0.593436
12960000 0.595944
12970000 0.598822
12980000 0.603146
12990000 0.60111
13000000 0.599643
13010000 0.595708
13020000 0.599133
13030000 0.606302
13040000 0.605652
13050000 0.60785
13060000 0.597805
13070000 0.606245
13080000 0.596532
13090000 0.595638
13100000 0.600323
13110000 0.598351
13120000 0.597483
13130000 0.604241
13140000 0.605544
13150000 0.605089
13160000 0.604372
13170000 0.597095
13180000 0.606205
13190000 0.605879
13200000 0.604328
13210000 0.606499
13220000 0.602112
13230000 0.601788
13240000 0.608453
13250000 0.610429
13260000 0.604063
13270000 0.609388
13280000 0.608782
13290000 0.610521
13300000 0.611446
13310000 0.608233
13320000 0.608247
13330000 0.611034
13340000 0.610434
13350000 0.607657
13360000 0.613511
13370000 0.611251
13380000 0.609902
13390000 0.609209
13400000 0.612551
13410000 0.615066
13420000 0.616117
13430000 0.611237
13440000 0.611856
13450000 0.612719
13460000 0.617626
13470000 0.609997
13480000 0.606519
13490000 0.61045
13500000 0.610438
13510000 0.612961
13520000 0.610759
13530000 0.612309
13540000 0.610022
13550000 0.612643
13560000 0.60833
13570000 0.61209
13580000 0.61194
13590000 0.617793
13600000 0.621021
13610000 0.621502
13620000 0.619018
13630000 0.625414
13640000 0.626196
13650000 0.626782
13660000 0.62291
13670000 0.623364
13680000 0.614835
13690000 0.623452
13700000 0.622484
13710000 0.622831
13720000 0.619923
13730000 0.620433
13740000 0.623852
13750000 0.623331
13760000 0.627518
13770000 0.62765
13780000 0.622006
13790000 0.6223
13800000 0.62483
13810000 0.625585
13820000 0.632698
13830000 0.632361
13840000 0.634065
13850000 0.622398
13860000 0.631134
13870000 0.630505
13880000 0.629543
13890000 0.629558
13900000 0.626229
13910000 0.625241
13920000 0.628783
13930000 0.630481
13940000 0.626901
13950000 0.631728
13960000 0.636629
13970000 0.630541
13980000 0.632641
13990000 0.628311
14000000 0.62833
14010000 0.626099
14020000 0.628527
14030000 0.621369
14040000 0.626033
14050000 0.63218
14060000 0.631403
14070000 0.628813
14080000 0.631792
14090000 0.632376
14100000 0.624473
14110000 0.620565
14120000 0.626339
14130000 0.632745
14140000 0.627688
14150000 0.629256
14160000 0.634883
14170000 0.630363
14180000 0.634107
14190000 0.628754
14200000 0.63164
14210000 0.636627
14220000 0.630377
14230000 0.63841
14240000 0.639009
14250000 0.630923
14260000 0.64114
14270000 0.638188
14280000 0.63163
14290000 0.638745
14300000 0.642383
14310000 0.638715
14320000 0.634858
14330000 0.637529
14340000 0.637686
14350000 0.634667
14360000 0.63795
14370000 0.644565
14380000 0.641035
14390000 0.643367
14400000 0.637477
14410000 0.637927
14420000 0.644701
14430000 0.638911
14440000 0.640817
14450000 0.6401
14460000 0.63667
14470000 0.635422
14480000 0.635668
14490000 0.634612
14500000 0.636787
14510000 0.633098
14520000 0.636955
14530000 0.630456
14540000 0.632253
14550000 0.637218
14560000 0.636381
14570000 0.641343
14580000 0.637916
14590000 0.636041
14600000 0.637557
14610000 0.639275
14620000 0.639591
14630000 0.639599
14640000 0.637588
14650000 0.647079
14660000 0.64095
14670000 0.635793
14680000 0.637312
14690000 0.642997
14700000 0.631689
14710000 0.646219
14720000 0.636429
14730000 0.640454
14740000 0.642732
14750000 0.643753
14760000 0.644978
14770000 0.642065
14780000 0.639496
14790000 0.638776
14800000 0.64619
14810000 0.639536
14820000 0.636653
14830000 0.633296
14840000 0.64007
14850000 0.63363
14860000 0.634335
14870000 0.637091
14880000 0.634136
14890000 0.644036
14900000 0.633957
14910000 0.634584
14920000 0.635181
14930000 0.644371
14940000 0.640448
14950000 0.644372
14960000 0.642462
14970000 0.649229
14980000 0.641815
14990000 0.645629
15000000 0.638836
15010000 0.644126
15020000 0.641057
15030000 0.641695
15040000 0.642418
15050000 0.638446
15060000 0.647476
15070000 0.643535
15080000 0.644025
15090000 0.641952
15100000 0.644723
15110000 0.644227
15120000 0.641843
15130000 0.641897
15140000 0.649253
15150000 0.64586
15160000 0.648163
15170000 0.645265
15180000 0.645119
15190000 0.650156
15200000 0.649408
15210000 0.644222
15220000 0.646704
15230000 0.645599
15240000 0.643109
15250000 0.642804
15260000 0.644442
15270000 0.646757
15280000 0.652015
15290000 0.641699
15300000 0.649798
15310000 0.650877
15320000 0.649267
15330000 0.653794
15340000 0.656812
15350000 0.65286
15360000 0.652387
15370000 0.648184
15380000 0.652398
15390000 0.656409
15400000 0.655489
15410000 0.649907
15420000 0.650415
15430000 0.65536
15440000 0.661061
15450000 0.656741
15460000 0.655309
15470000 0.655088
15480000 0.662587
15490000 0.652244
15500000 0.658692
15510000 0.656561
15520000 0.660921
15530000 0.65205
15540000 0.649592
15550000 0.649258
15560000 0.656004
15570000 0.657142
15580000 0.657977
15590000 0.654853
15600000 0.652675
15610000 0.656834
15620000 0.653554
15630000 0.656202
15640000 0.654795
15650000 0.656148
15660000 0.658756
15670000 0.659606
15680000 0.654913
15690000 0.647091
15700000 0.660079
15710000 0.655703
15720000 0.661617
15730000 0.661613
15740000 0.656754
15750000 0.657824
15760000 0.661904
15770000 0.663148
15780000 0.66583
15790000 0.661607
15800000 0.662058
15810000 0.658084
15820000 0.661015
15830000 0.661685
15840000 0.657104
15850000 0.658898
15860000 0.661108
15870000 0.659345
15880000 0.655623
15890000 0.657393
15900000 0.668085
15910000 0.665335
15920000 0.664512
15930000 0.663925
15940000 0.66596
15950000 0.665585
15960000 0.665661
15970000 0.667596
15980000 0.66195
15990000 0.664829
16000000 0.658725
16010000 0.662612
16020000 0.659118
16030000 0.659888
16040000 0.661276
16050000 0.66604
16060000 0.670027
16070000 0.665394
16080000 0.664812
16090000 0.669939
16100000 0.666421
16110000 0.662385
16120000 0.661435
16130000 0.665412
16140000 0.659991
16150000 0.658149
16160000 0.664433
16170000 0.658123
16180000 0.667485
16190000 0.662861
16200000 0.670558
16210000 0.658196
16220000 0.657402
16230000 0.659225
16240000 0.662495
16250000 0.662276
16260000 0.662048
16270000 0.665294
16280000 0.66279
16290000 0.66508
16300000 0.667505
16310000 0.665256
16320000 0.660347
16330000 0.670218
16340000 0.666911
16350000 0.669421
16360000 0.67678
16370000 0.668052
16380000 0.669152
16390000 0.662137
16400000 0.662168
16410000 0.666067
16420000 0.668378
16430000 0.662935
16440000 0.665876
16450000 0.673415
16460000 0.669547
16470000 0.667736
16480000 0.673274
16490000 0.67142
16500000 0.667386
16510000 0.674573
16520000 0.674034
16530000 0.67575
16540000 0.670299
16550000 0.667815
16560000 0.673977
16570000 0.673006
16580000 0.673788
16590000 0.665698
16600000 0.670132
16610000 0.675885
16620000 0.669712
16630000 0.663005
16640000 0.672
16650000 0.673985
16660000 0.671734
16670000 0.674798
16680000 0.680846
16690000 0.680172
16700000 0.672304
16710000 0.678454
16720000 0.680301
16730000 0.67923
16740000 0.682415
16750000 0.682072
16760000 0.684624
16770000 0.682146
16780000 0.676641
16790000 0.677224
16800000 0.685235
16810000 0.682575
16820000 0.68288
16830000 0.677965
16840000 0.679462
16850000 0.677856
16860000 0.675842
16870000 0.673764
16880000 0.680692
16890000 0.671904
16900000 0.678922
16910000 0.683323
16920000 0.682021
16930000 0.685247
16940000 0.679866
16950000 0.680649
16960000 0.688357
16970000 0.683265
16980000 0.684157
16990000 0.676665
17000000 0.683149
17010000 0.685571
17020000 0.67902
17030000 0.677293
17040000 0.677634
17050000 0.686532
17060000 0.683427
17070000 0.681486
17080000 0.686923
17090000 0.685624
17100000 0.686694
17110000 0.685055
17120000 0.686401
17130000 0.690811
17140000 0.693929
17150000 0.687608
17160000 0.685977
17170000 0.686922
17180000 0.683778
17190000 0.68213
17200000 0.683601
17210000 0.689532
17220000 0.67886
17230000 0.682996
17240000 0.683872
17250000 0.686087
17260000 0.68704
17270000 0.689599
17280000 0.684622
17290000 0.681781
17300000 0.689113
17310000 0.689762
17320000 0.687066
17330000 0.684357
17340000 0.680834
17350000 0.682382
17360000 0.685735
17370000 0.693366
17380000 0.688146
17390000 0.689793
17400000 0.687321
17410000 0.694553
17420000 0.692259
17430000 0.682861
17440000 0.690195
17450000 0.69129
17460000 0.687012
17470000 0.684856
17480000 0.685303
17490000 0.685878
17500000 0.687807
17510000 0.684991
17520000 0.687909
17530000 0.688095
17540000 0.685916
17550000 0.686959
17560000 0.685097
17570000 0.68845
17580000 0.694558
17590000 0.684049
17600000 0.681018
17610000 0.684469
17620000 0.686341
17630000 0.67833
17640000 0.684601
17650000 0.682488
17660000 0.686532
17670000 0.684534
17680000 0.693295
17690000 0.685473
17700000 0.685663
17710000 0.688322
17720000 0.687236
17730000 0.689644
17740000 0.689752
17750000 0.694096
17760000 0.692046
17770000 0.699324
17780000 0.693448
17790000 0.68618
17800000 0.689354
17810000 0.688486
17820000 0.691588
17830000 0.69467
17840000 0.688387
17850000 0.692034
17860000 0.690152
17870000 0.687974
17880000 0.685552
17890000 0.685775
17900000 0.695021
17910000 0.695899
17920000 0.689895
17930000 0.690978
17940000 0.693889
17950000 0.695966
17960000 0.697337
17970000 0.700031
17980000 0.693894
17990000 0.69731
18000000 0.696895
18010000 0.691411
18020000 0.692646
18030000 0.700343
18040000 0.693996
18050000 0.697597
18060000 0.691761
18070000 0.691416
18080000 0.699547
18090000 0.699101
18100000 0.69716
18110000 0.690155
18120000 0.699375
18130000 0.694083
18140000 0.695341
18150000 0.693948
18160000 0.695384
18170000 0.698291
18180000 0.699404
18190000 0.700728
18200000 0.699787
18210000 0.704068
18220000 0.699691
18230000 0.699469
18240000 0.698967
18250000 0.695708
18260000 0.696351
18270000 0.701179
18280000 0.70007
18290000 0.688904
18300000 0.69856
18310000 0.696533
18320000 0.695188
18330000 0.696725
18340000 0.698051
18350000 0.695363
18360000 0.699109
18370000 0.69453
18380000 0.692151
18390000 0.693926
18400000 0.697298
18410000 0.695292
18420000 0.695956
18430000 0.701009
18440000 0.699632
18450000 0.696957
18460000 0.698178
18470000 0.694431
18480000 0.695945
18490000 0.696438
18500000 0.700137
18510000 0.696816
18520000 0.699903
18530000 0.69438
18540000 0.710745
18550000 0.704809
18560000 0.705799
18570000 0.704019
18580000 0.703965
18590000 0.702913
18600000 0.698355
18610000 0.704826
18620000 0.709138
18630000 0.703946
18640000 0.704218
18650000 0.707918
18660000 0.706597
18670000 0.70006
18680000 0.706821
18690000 0.707447
18700000 0.702329
18710000 0.707674
18720000 0.710705
18730000 0.704722
18740000 0.708345
18750000 0.699484
18760000 0.697888
18770000 0.701125
18780000 0.700194
18790000 0.700015
18800000 0.69464
18810000 0.702237
18820000 0.701977
18830000 0.703432
18840000 0.704709
18850000 0.698528
18860000 0.699287
18870000 0.707579
18880000 0.710113
18890000 0.709395
18900000 0.705703
18910000 0.708406
18920000 0.705708
18930000 0.706462
18940000 0.7066
18950000 0.701549
18960000 0.700914
18970000 0.703664
18980000 0.696872
18990000 0.705896
19000000 0.702808
19010000 0.709678
19020000 0.706435
19030000 0.704784
19040000 0.700081
19050000 0.697517
19060000 0.709146
19070000 0.710949
19080000 0.709236
19090000 0.707488
19100000 0.70904
19110000 0.708297
19120000 0.707955
19130000 0.704633
19140000 0.708017
19150000 0.708891
19160000 0.705058
19170000 0.70818
19180000 0.710027
19190000 0.704218
19200000 0.707528
19210000 0.708893
19220000 0.699022
19230000 0.701467
19240000 0.705689
19250000 0.711278
19260000 0.705502
19270000 0.710418
19280000 0.70854
19290000 0.712015
19300000 0.71241
19310000 0.718555
19320000 0.710594
19330000 0.7119
19340000 0.706797
19350000 0.708504
19360000 0.711156
19370000 0.708791
19380000 0.711686
19390000 0.721243
19400000 0.712174
19410000 0.716819
19420000 0.709871
19430000 0.709804
19440000 0.70567
19450000 0.710173
19460000 0.700872
19470000 0.713593
19480000 0.70809
19490000 0.712534
19500000 0.711851
19510000 0.709116
19520000 0.708164
19530000 0.714007
19540000 0.716078
19550000 0.710735
19560000 0.71559
19570000 0.710784
19580000 0.711603
19590000 0.711431
19600000 0.707637
19610000 0.713602
19620000 0.705512
19630000 0.708691
19640000 0.713965
19650000 0.721608
19660000 0.717182
19670000 0.714791
19680000 0.709825
19690000 0.711659
19700000 0.708519
19710000 0.713068
19720000 0.714666
19730000 0.712859
19740000 0.719703
19750000 0.715603
19760000 0.713966
19770000 0.715659
19780000 0.714317
19790000 0.710387
19800000 0.708433
19810000 0.711204
19820000 0.709896
19830000 0.713209
19840000 0.711539
19850000 0.711436
19860000 0.716463
19870000 0.714614
19880000 0.715868
19890000 0.718336
19900000 0.709539
19910000 0.712023
19920000 0.72369
19930000 0.718678
19940000 0.716512
19950000 0.715337
19960000 0.719966
19970000 0.716725
19980000 0.721393
19990000 0.721515
20000000 0.72201
20010000 0.714775
20020000 0.717377
20030000 0.722496
20040000 0.724763
20050000 0.722406
20060000 0.719877
20070000 0.720175
20080000 0.717755
20090000 0.720081
20100000 0.721434
20110000 0.725859
20120000 0.719592
20130000 0.71717
20140000 0.71822
20150000 0.722644
20160000 0.724556
20170000 0.721782
20180000 0.722389
20190000 0.722219
20200000 0.718495
20210000 0.722853
20220000 0.720758
20230000 0.722519
20240000 0.723141
20250000 0.719151
20260000 0.725814
20270000 0.719072
20280000 0.719094
20290000 0.719466
20300000 0.72384
20310000 0.724036
20320000 0.728083
20330000 0.720374
20340000 0.726949
20350000 0.726472
20360000 0.725367
20370000 0.720464
20380000 0.723169
20390000 0.727725
20400000 0.725197
20410000 0.727027
20420000 0.724618
20430000 0.724868
20440000 0.72704
20450000 0.724835
20460000 0.732809
20470000 0.725359
20480000 0.724898
20490000 0.723478
20500000 0.730008
20510000 0.725892
20520000 0.730951
20530000 0.733158
20540000 0.722213
20550000 0.725491
20560000 0.713372
20570000 0.718206
20580000 0.719909
20590000 0.725666
20600000 0.71746
20610000 0.720177
20620000 0.721433
20630000 0.724028
20640000 0.725396
20650000 0.72648
20660000 0.727373
20670000 0.720043
20680000 0.724152
20690000 0.727796
20700000 0.725715
20710000 0.728099
20720000 0.725029
20730000 0.730298
20740000 0.732141
20750000 0.727718
20760000 0.728072
20770000 0.727076
20780000 0.730575
20790000 0.723174
20800000 0.723265
20810000 0.725196
20820000 0.720589
20830000 0.72693
20840000 0.72388
20850000 0.728372
20860000 0.725701
20870000 0.718564
20880000 0.718439
20890000 0.726808
20900000 0.728385
20910000 0.725736
20920000 0.723685
20930000 0.730089
20940000 0.735363
20950000 0.72846
20960000 0.730604
20970000 0.724939
20980000 0.735237
20990000 0.728412
21000000 0.727076
21010000 0.727384
21020000 0.72294
21030000 0.728204
21040000 0.729298
21050000 0.725432
21060000 0.72774
21070000 0.726019
21080000 0.728244
21090000 0.724427
21100000 0.723817
21110000 0.727791
21120000 0.732264
21130000 0.727659
21140000 0.734781
21150000 0.728555
21160000 0.731504
21170000 0.733392
21180000 0.725307
21190000 0.729013
21200000 0.72328
21210000 0.723468
21220000 0.719365
21230000 0.726773
21240000 0.728725
21250000 0.726969
21260000 0.727134
21270000 0.728354
21280000 0.724304
21290000 0.7232
21300000 0.720838
21310000 0.725648
21320000 0.727498
21330000 0.724739
21340000 0.72601
21350000 0.72721
21360000 0.719215
21370000 0.732736
21380000 0.732487
21390000 0.727134
21400000 0.7316
21410000 0.734663
21420000 0.7276
21430000 0.732606
21440000 0.729448
21450000 0.726983
21460000 0.730664
21470000 0.727629
21480000 0.72875
21490000 0.724012
21500000 0.726942
21510000 0.731845
21520000 0.726006
21530000 0.728838
21540000 0.728404
21550000 0.730692
21560000 0.728371
21570000 0.731708
21580000 0.734455
21590000 0.734508
21600000 0.73266
21610000 0.730884
21620000 0.731024
21630000 0.730654
21640000 0.734245
21650000 0.732336
21660000 0.732181
21670000 0.736141
21680000 0.738985
21690000 0.732176
21700000 0.736662
21710000 0.735504
21720000 0.73837
21730000 0.736758
21740000 0.735701
21750000 0.734783
21760000 0.733668
21770000 0.737172
21780000 0.737652
21790000 0.733973
21800000 0.733773
21810000 0.737311
21820000 0.740794
21830000 0.730002
21840000 0.735279
21850000 0.730758
21860000 0.733691
21870000 0.731301
21880000 0.729854
21890000 0.724687
21900000 0.731962
21910000 0.722962
21920000 0.727563
21930000 0.727398
21940000 0.731424
21950000 0.729198
21960000 0.731062
21970000 0.728575
21980000 0.731204
21990000 0.73455
22000000 0.728987
22010000 0.735993
22020000 0.733413
22030000 0.736621
22040000 0.737007
22050000 0.73751
22060000 0.738411
22070000 0.736232
22080000 0.734391
22090000 0.73517
22100000 0.731802
22110000 0.737869
22120000 0.731202
22130000 0.73547
22140000 0.734204
22150000 0.734892
22160000 0.734916
22170000 0.736446
22180000 0.736534
22190000 0.737563
22200000 0.737366
22210000 0.737638
22220000 0.73667
22230000 0.729607
22240000 0.734344
22250000 0.730471
22260000 0.734524
22270000 0.734743
22280000 0.734025
22290000 0.737777
22300000 0.732643
22310000 0.737264
22320000 0.735307
22330000 0.728828
22340000 0.73484
22350000 0.735207
22360000 0.730488
22370000 0.72985
22380000 0.730712
22390000 0.735081
22400000 0.734743
22410000 0.737663
22420000 0.737747
22430000 0.735995
22440000 0.73429
22450000 0.743588
22460000 0.731973
22470000 0.735837
22480000 0.736585
22490000 0.735326
22500000 0.738242
22510000 0.739343
22520000 0.740675
22530000 0.739893
22540000 0.738367
22550000 0.739533
22560000 0.738304
22570000 0.743347
22580000 0.737573
22590000 0.737734
22600000 0.738536
22610000 0.740816
22620000 0.74786
22630000 0.740749
22640000 0.742856
22650000 0.735094
22660000 0.736754
22670000 0.737332
22680000 0.740487
22690000 0.73781
22700000 0.743029
22710000 0.742264
22720000 0.737857
22730000 0.737428
22740000 0.735597
22750000 0.736306
22760000 0.738349
22770000 0.740915
22780000 0.736129
22790000 0.739803
22800000 0.73367
22810000 0.730535
22820000 0.738074
22830000 0.734548
22840000 0.738332
22850000 0.736725
22860000 0.737516
22870000 0.736901
22880000 0.739707
22890000 0.732573
22900000 0.742846
22910000 0.73708
22920000 0.741455
22930000 0.742074
22940000 0.74079
22950000 0.739444
22960000 0.736795
22970000 0.738923
22980000 0.74414
22990000 0.733514
23000000 0.738908
23010000 0.740271
23020000 0.739134
23030000 0.735757
23040000 0.740583
23050000 0.740918
23060000 0.74
23070000 0.748199
23080000 0.73848
23090000 0.737429
23100000 0.736117
23110000 0.731367
23120000 0.733656
23130000 0.735088
23140000 0.737016
23150000 0.732366
23160000 0.74107
23170000 0.741374
23180000 0.738131
23190000 0.735818
23200000 0.731939
23210000 0.732921
23220000 0.732308
23230000 0.738794
23240000 0.739559
23250000 0.738561
23260000 0.741037
23270000 0.73799
23280000 0.739687
23290000 0.739635
23300000 0.740971
23310000 0.741994
23320000 0.741597
23330000 0.74431
23340000 0.741797
23350000 0.737941
23360000 0.741852
23370000 0.739662
23380000 0.744269
23390000 0.739366
23400000 0.742228
23410000 0.740601
23420000 0.740693
23430000 0.738718
23440000 0.738703
23450000 0.743065
23460000 0.743537
23470000 0.745987
23480000 0.739511
23490000 0.738753
23500000 0.737873
23510000 0.739415
23520000 0.746604
23530000 0.746456
23540000 0.742875
23550000 0.745461
23560000 0.744618
23570000 0.747505
23580000 0.745256
23590000 0.74424
23600000 0.746069
23610000 0.733947
23620000 0.74201
23630000 0.743381
23640000 0.743633
23650000 0.741186
23660000 0.747605
23670000 0.749558
23680000 0.741997
23690000 0.744593
23700000 0.747964
23710000 0.747111
23720000 0.742552
23730000 0.745647
23740000 0.75118
23750000 0.746976
23760000 0.74324
23770000 0.747319
23780000 0.743889
23790000 0.749281
23800000 0.751475
23810000 0.748788
23820000 0.747979
23830000 0.746791
23840000 0.747764
23850000 0.745281
23860000 0.743649
23870000 0.745517
23880000 0.74743
23890000 0.74505
23900000 0.75241
23910000 0.745846
23920000 0.743905
23930000 0.744571
23940000 0.745927
23950000 0.750326
23960000 0.749435
23970000 0.746386
23980000 0.744715
23990000 0.748986
24000000 0.746909
24010000 0.74908
24020000 0.747619
24030000 0.745316
24040000 0.745485
24050000 0.742542
24060000 0.744968
24070000 0.743791
24080000 0.748162
24090000 0.74666
24100000 0.741297
24110000 0.748085
24120000 0.744458
24130000 0.754561
24140000 0.749594
24150000 0.747845
24160000 0.751363
24170000 0.750852
24180000 0.75079
24190000 0.750137
24200000 0.751066
24210000 0.747393
24220000 0.750837
24230000 0.746223
24240000 0.74535
24250000 0.74919
24260000 0.751902
24270000 0.754197
24280000 0.752379
24290000 0.750514
24300000 0.748624
24310000 0.751374
24320000 0.749758
24330000 0.749856
24340000 0.748461
24350000 0.750944
24360000 0.74932
24370000 0.748842
24380000 0.747606
24390000 0.747922
24400000 0.746458
24410000 0.748763
24420000 0.749487
24430000 0.752701
24440000 0.749467
24450000 0.746956
24460000 0.74957
24470000 0.74475
24480000 0.747514
24490000 0.744203
24500000 0.744011
24510000 0.748295
24520000 0.754203
24530000 0.754623
24540000 0.754028
24550000 0.750126
24560000 0.750965
24570000 0.754214
24580000 0.751404
24590000 0.745107
24600000 0.750983
24610000 0.748083
24620000 0.748638
24630000 0.743561
24640000 0.745855
24650000 0.74763
24660000 0.750759
24670000 0.752075
24680000 0.745946
24690000 0.746769
24700000 0.743325
24710000 0.746208
24720000 0.747547
24730000 0.752333
24740000 0.74651
24750000 0.750268
24760000 0.747954
24770000 0.756432
24780000 0.750728
24790000 0.755738
24800000 0.754058
24810000 0.753229
24820000 0.748028
24830000 0.753651
24840000 0.748786
24850000 0.753487
24860000 0.745475
24870000 0.753737
24880000 0.749064
24890000 0.754435
24900000 0.748015
24910000 0.753371
24920000 0.752899
24930000 0.748529
24940000 0.750429
24950000 0.747089
24960000 0.747839
24970000 0.751096
24980000 0.745292
24990000 0.751119
25000000 0.75487
25010000 0.747113
25020000 0.749211
25030000 0.746547
25040000 0.749955
25050000 0.755281
25060000 0.751147
25070000 0.752088
25080000 0.747888
25090000 0.747762
25100000 0.748463
25110000 0.748621
25120000 0.744891
25130000 0.753291
25140000 0.748869
25150000 0.751731
25160000 0.753142
25170000 0.756034
25180000 0.751315
25190000 0.751607
25200000 0.750191
25210000 0.744053
25220000 0.75378
25230000 0.756314
25240000 0.748197
25250000 0.747304
25260000 0.750287
25270000 0.754372
25280000 0.748768
25290000 0.745177
25300000 0.751275
25310000 0.746808
25320000 0.747125
25330000 0.740386
25340000 0.744415
25350000 0.740088
25360000 0.746513
25370000 0.745297
25380000 0.740464
25390000 0.749993
25400000 0.749146
25410000 0.743934
25420000 0.750534
25430000 0.745934
25440000 0.74821
25450000 0.74389
25460000 0.745508
25470000 0.750856
25480000 0.748288
25490000 0.743176
25500000 0.750265
25510000 0.745563
25520000 0.745763
25530000 0.74742
25540000 0.752426
25550000 0.750543
25560000 0.748319
25570000 0.749061
25580000 0.749796
25590000 0.751904
25600000 0.754622
25610000 0.749598
25620000 0.754344
25630000 0.75399
25640000 0.755348
25650000 0.749044
25660000 0.751831
25670000 0.751326
25680000 0.755091
25690000 0.754422
25700000 0.75892
25710000 0.754213
25720000 0.747599
25730000 0.753312
25740000 0.753536
25750000 0.751045
25760000 0.750959
25770000 0.748074
25780000 0.749639
25790000 0.755316
25800000 0.755965
25810000 0.750078
25820000 0.757525
25830000 0.752647
25840000 0.763291
25850000 0.751843
25860000 0.756704
25870000 0.753755
25880000 0.755135
25890000 0.746722
25900000 0.748149
25910000 0.748435
25920000 0.752255
25930000 0.752677
25940000 0.749896
25950000 0.751505
25960000 0.746883
25970000 0.747691
25980000 0.754697
25990000 0.754716
26000000 0.755733
26010000 0.750741
26020000 0.750268
26030000 0.75366
26040000 0.755831
26050000 0.754717
26060000 0.751506
26070000 0.747826
26080000 0.753227
26090000 0.754639
26100000 0.753169
26110000 0.753632
26120000 0.755277
26130000 0.755902
26140000 0.748153
26150000 0.75232
26160000 0.752512
26170000 0.75306
26180000 0.757636
26190000 0.751868
26200000 0.748832
26210000 0.754631
26220000 0.749416
26230000 0.750414
26240000 0.751402
26250000 0.746419
26260000 0.754022
26270000 0.747986
26280000 0.748248
26290000 0.744387
26300000 0.752022
26310000 0.752935
26320000 0.756642
26330000 0.753314
26340000 0.761683
26350000 0.753365
26360000 0.754298
26370000 0.752614
26380000 0.753379
26390000 0.754247
26400000 0.751964
26410000 0.750668
26420000 0.750757
26430000 0.755294
26440000 0.754783
26450000 0.75668
26460000 0.756258
26470000 0.756336
26480000 0.754198
26490000 0.748447
26500000 0.753933
26510000 0.748178
26520000 0.75182
26530000 0.751799
26540000 0.757512
26550000 0.75464
26560000 0.752175
26570000 0.749603
26580000 0.749647
26590000 0.757069
26600000 0.760034
26610000 0.754942
26620000 0.75581
26630000 0.758922
26640000 0.75707
26650000 0.754143
26660000 0.75876
26670000 0.75499
26680000 0.75691
26690000 0.757208
26700000 0.75779
26710000 0.755893
26720000 0.751784
26730000 0.75348
26740000 0.758183
26750000 0.755918
26760000 0.759977
26770000 0.75858
26780000 0.755509
26790000 0.759576
26800000 0.75812
26810000 0.759592
26820000 0.760256
26830000 0.762332
26840000 0.758969
26850000 0.756506
26860000 0.759409
26870000 0.761258
26880000 0.761689
26890000 0.766004
26900000 0.759583
26910000 0.760154
26920000 0.760265
26930000 0.7604
26940000 0.761418
26950000 0.760586
26960000 0.759325
26970000 0.754028
26980000 0.756225
26990000 0.753912
27000000 0.75616
27010000 0.76195
27020000 0.763102
27030000 0.75868
27040000 0.753167
27050000 0.758574
27060000 0.763471
27070000 0.764772
27080000 0.758854
27090000 0.764083
27100000 0.759674
27110000 0.755363
27120000 0.760906
27130000 0.756686
27140000 0.758875
27150000 0.765227
27160000 0.764018
27170000 0.764409
27180000 0.761745
27190000 0.762842
27200000 0.758555
27210000 0.763001
27220000 0.765713
27230000 0.76647
27240000 0.76308
27250000 0.763049
27260000 0.761629
27270000 0.754361
27280000 0.75586
27290000 0.755987
27300000 0.765558
27310000 0.761665
27320000 0.760893
27330000 0.759154
27340000 0.76454
27350000 0.762458
27360000 0.763525
27370000 0.764858
27380000 0.762181
27390000 0.763961
27400000 0.765063
27410000 0.76942
27420000 0.76322
27430000 0.765195
27440000 0.763291
27450000 0.762215
27460000 0.766151
27470000 0.760245
27480000 0.76323
27490000 0.762592
27500000 0.760865
27510000 0.765823
27520000 0.7635
27530000 0.761066
27540000 0.755126
27550000 0.75686
27560000 0.759632
27570000 0.760838
27580000 0.764961
27590000 0.768487
27600000 0.759397
27610000 0.766912
27620000 0.765348
27630000 0.765557
27640000 0.767395
27650000 0.761931
27660000 0.756522
27670000 0.761238
27680000 0.757559
27690000 0.763121
27700000 0.763098
27710000 0.759387
27720000 0.760803
27730000 0.762997
27740000 0.76801
27750000 0.764632
27760000 0.763108
27770000 0.762329
27780000 0.767262
27790000 0.762308
27800000 0.76501
27810000 0.761541
27820000 0.762307
27830000 0.758459
27840000 0.761466
27850000 0.764656
27860000 0.763726
27870000 0.760783
27880000 0.765534
27890000 0.757669
27900000 0.76153
27910000 0.762308
27920000 0.768591
27930000 0.764901
27940000 0.766175
27950000 0.770291
27960000 0.764279
27970000 0.767339
27980000 0.766455
27990000 0.76926
28000000 0.76788
28010000 0.767534
28020000 0.76945
28030000 0.769655
28040000 0.772048
28050000 0.766119
28060000 0.77047
28070000 0.771107
28080000 0.765737
28090000 0.767227
28100000 0.765646
28110000 0.76768
28120000 0.770929
28130000 0.768993
28140000 0.771966
28150000 0.767748
28160000 0.765307
28170000 0.765323
28180000 0.765344
28190000 0.768088
28200000 0.770421
28210000 0.764313
28220000 0.770764
28230000 0.766907
28240000 0.769469
28250000 0.766313
28260000 0.767394
28270000 0.772206
28280000 0.770329
28290000 0.763739
28300000 0.763952
28310000 0.768137
28320000 0.771026
28330000 0.766706
28340000 0.769388
28350000 0.76666
28360000 0.765169
28370000 0.767911
28380000 0.765203
28390000 0.764281
28400000 0.767383
28410000 0.765473
28420000 0.763706
28430000 0.769808
28440000 0.768019
28450000 0.767002
28460000 0.770838
28470000 0.77185
28480000 0.768996
28490000 0.773535
28500000 0.77502
28510000 0.770791
28520000 0.761823
28530000 0.771118
28540000 0.76609
28550000 0.77425
28560000 0.76922
28570000 0.767864
28580000 0.769714
28590000 0.767057
28600000 0.764987
28610000 0.765035
28620000 0.770365
28630000 0.760808
28640000 0.770886
28650000 0.772622
28660000 0.770672
28670000 0.773434
28680000 0.768026
28690000 0.764298
28700000 0.765502
28710000 0.765402
28720000 0.760225
28730000 0.768646
28740000 0.769517
28750000 0.765052
28760000 0.763617
28770000 0.765071
28780000 0.765495
28790000 0.764631
28800000 0.770322
28810000 0.759687
28820000 0.768594
28830000 0.768656
28840000 0.77047
28850000 0.76877
28860000 0.767095
28870000 0.769599
28880000 0.772959
28890000 0.774902
28900000 0.77229
28910000 0.769296
28920000 0.776745
28930000 0.77352
28940000 0.777538
28950000 0.768444
28960000 0.771616
28970000 0.771687
28980000 0.771038
28990000 0.769359
29000000 0.769064
29010000 0.772958
29020000 0.771429
29030000 0.76889
29040000 0.769497
29050000 0.767538
29060000 0.770982
29070000 0.773192
29080000 0.776344
29090000 0.782838
29100000 0.775447
29110000 0.774716
29120000 0.773859
29130000 0.775148
29140000 0.770906
29150000 0.771891
29160000 0.771071
29170000 0.774381
29180000 0.774779
29190000 0.772328
29200000 0.772384
29210000 0.771328
29220000 0.776792
29230000 0.775996
29240000 0.781335
29250000 0.774882
29260000 0.780812
29270000 0.774219
29280000 0.774275
29290000 0.776489
29300000 0.774053
29310000 0.779106
29320000 0.774563
29330000 0.774175
29340000 0.776355
29350000 0.774348
29360000 0.774031
29370000 0.776791
29380000 0.778965
29390000 0.77443
29400000 0.773279
29410000 0.777468
29420000 0.775919
29430000 0.778904
29440000 0.776689
29450000 0.780544
29460000 0.779362
29470000 0.777273
29480000 0.777364
29490000 0.774475
29500000 0.780386
29510000 0.783055
29520000 0.772955
29530000 0.773669
29540000 0.775474
29550000 0.770687
29560000 0.776073
29570000 0.774767
29580000 0.77522
29590000 0.778498
29600000 0.776112
29610000 0.778907
29620000 0.777783
29630000 0.773939
29640000 0.779228
29650000 0.776421
29660000 0.781309
29670000 0.777963
29680000 0.772217
29690000 0.779561
29700000 0.777377
29710000 0.782403
29720000 0.779806
29730000 0.774575
29740000 0.775421
29750000 0.768753
29760000 0.778405
29770000 0.776718
29780000 0.776269
29790000 0.772486
29800000 0.772059
29810000 0.774689
29820000 0.77619
29830000 0.775732
29840000 0.773888
29850000 0.776906
29860000 0.776312
29870000 0.776017
29880000 0.77882
29890000 0.776687
29900000 0.77809
29910000 0.773222
29920000 0.772499
29930000 0.776819
29940000 0.775409
29950000 0.774746
29960000 0.772663
29970000 0.773184
29980000 0.777374
29990000 0.780106
30000000 0.771302
30010000 0.782743
30020000 0.773981
30030000 0.775901
30040000 0.774795
30050000 0.775189
30060000 0.773264
30070000 0.771632
30080000 0.772536
30090000 0.772267
30100000 0.778451
30110000 0.775844
30120000 0.773213
30130000 0.772438
30140000 0.771939
30150000 0.774904
30160000 0.777622
30170000 0.773395
30180000 0.76801
30190000 0.774071
30200000 0.774792
30210000 0.776657
30220000 0.77834
30230000 0.77154
30240000 0.777353
30250000 0.782861
30260000 0.775941
30270000 0.774107
30280000 0.780155
30290000 0.776521
30300000 0.768973
30310000 0.780433
30320000 0.77587
30330000 0.777711
30340000 0.780755
30350000 0.776967
30360000 0.779116
30370000 0.779118
30380000 0.776363
30390000 0.770256
30400000 0.774417
30410000 0.780659
30420000 0.7716
30430000 0.78003
30440000 0.77733
30450000 0.778848
30460000 0.777277
30470000 0.774529
30480000 0.772116
30490000 0.777022
30500000 0.776239
30510000 0.775447
30520000 0.774167
30530000 0.781609
30540000 0.777659
30550000 0.781842
30560000 0.780831
30570000 0.782638
30580000 0.786009
30590000 0.781695
30600000 0.781173
30610000 0.78095
30620000 0.786733
30630000 0.78639
30640000 0.786521
30650000 0.779405
30660000 0.785242
30670000 0.775998
30680000 0.777609
30690000 0.780012
30700000 0.782705
30710000 0.784024
30720000 0.780382
30730000 0.778696
30740000 0.781292
30750000 0.778352
30760000 0.783622
30770000 0.779114
30780000 0.776404
30790000 0.780482
30800000 0.783212
30810000 0.779543
30820000 0.781692
30830000 0.776809
30840000 0.778031
30850000 0.782944
30860000 0.781068
30870000 0.775988
30880000 0.775585
30890000 0.776096
30900000 0.780077
30910000 0.782491
30920000 0.781607
30930000 0.78182
30940000 0.782558
30950000 0.779455
30960000 0.782433
30970000 0.784475
30980000 0.780505
30990000 0.778979
31000000 0.780838
31010000 0.783544
31020000 0.77625
31030000 0.776619
31040000 0.776817
31050000 0.780799
31060000 0.779671
31070000 0.782325
31080000 0.775148
31090000 0.774376
31100000 0.775535
31110000 0.782644
31120000 0.785673
31130000 0.782152
31140000 0.778362
31150000 0.781003
31160000 0.776103
31170000 0.779521
31180000 0.774882
31190000 0.778059
31200000 0.780052
31210000 0.774075
31220000 0.782035
31230000 0.781894
31240000 0.780365
31250000 0.782129
31260000 0.779057
31270000 0.783633
31280000 0.782869
31290000 0.77807
31300000 0.780716
31310000 0.783241
31320000 0.782257
31330000 0.782713
31340000 0.779223
31350000 0.779856
31360000 0.775142
31370000 0.779159
31380000 0.776992
31390000 0.773571
31400000 0.78408
31410000 0.780666
31420000 0.777097
31430000 0.781482
31440000 0.781097
31450000 0.782706
31460000 0.785626
31470000 0.78252
31480000 0.781902
31490000 0.782507
31500000 0.78392
31510000 0.783325
31520000 0.778505
31530000 0.783872
31540000 0.781895
31550000 0.781363
31560000 0.7813
31570000 0.786443
31580000 0.78283
31590000 0.782745
31600000 0.783296
31610000 0.785899
31620000 0.77942
31630000 0.780359
31640000 0.775555
31650000 0.785348
31660000 0.782858
31670000 0.78247
31680000 0.784188
31690000 0.786735
31700000 0.784486
31710000 0.790009
31720000 0.785982
31730000 0.784851
31740000 0.789016
31750000 0.787002
31760000 0.780229
31770000 0.781149
31780000 0.780533
31790000 0.774757
31800000 0.777908
31810000 0.78059
31820000 0.781757
31830000 0.784157
31840000 0.783388
31850000 0.783296
31860000 0.785432
31870000 0.78255
31880000 0.789225
31890000 0.78409
31900000 0.78673
31910000 0.786534
31920000 0.782849
31930000 0.784566
31940000 0.786377
31950000 0.782182
31960000 0.782792
31970000 0.78498
31980000 0.77982
31990000 0.7816
32000000 0.785452
32010000 0.785383
32020000 0.785841
32030000 0.786695
32040000 0.786816
32050000 0.780528
32060000 0.783898
32070000 0.783772
32080000 0.789409
32090000 0.785197
32100000 0.784271
32110000 0.784554
32120000 0.785304
32130000 0.787709
32140000 0.787755
32150000 0.790505
32160000 0.784583
32170000 0.794326
32180000 0.791613
32190000 0.786877
32200000 0.78962
32210000 0.79184
32220000 0.786105
32230000 0.788604
32240000 0.785244
32250000 0.785849
32260000 0.788438
32270000 0.782173
32280000 0.789239
32290000 0.779048
32300000 0.784096
32310000 0.784914
32320000 0.786573
32330000 0.788695
32340000 0.787839
32350000 0.791821
32360000 0.787001
32370000 0.790549
32380000 0.789653
32390000 0.788681
32400000 0.7893
32410000 0.789998
32420000 0.788211
32430000 0.79044
32440000 0.785375
32450000 0.784036
32460000 0.791096
32470000 0.794341
32480000 0.785221
32490000 0.790901
32500000 0.789902
32510000 0.783151
32520000 0.787799
32530000 0.792579
32540000 0.786257
32550000 0.787633
32560000 0.790606
32570000 0.788198
32580000 0.789579
32590000 0.791929
32600000 0.789442
32610000 0.788302
32620000 0.7885
32630000 0.788475
32640000 0.788901
32650000 0.790618
32660000 0.785487
32670000 0.792251
32680000 0.780924
32690000 0.787049
32700000 0.783474
32710000 0.789493
32720000 0.790873
32730000 0.784289
32740000 0.787385
32750000 0.792419
32760000 0.787845
32770000 0.786472
32780000 0.787588
32790000 0.789544
32800000 0.792631
32810000 0.793735
32820000 0.787654
32830000 0.791452
32840000 0.785292
32850000 0.791162
32860000 0.790239
32870000 0.795374
32880000 0.788896
32890000 0.78756
32900000 0.786178
32910000 0.788572
32920000 0.78608
32930000 0.791241
32940000 0.787014
32950000 0.789893
32960000 0.787722
32970000 0.788333
32980000 0.786527
32990000 0.787933
33000000 0.795416
33010000 0.787819
33020000 0.792664
33030000 0.789489
33040000 0.790981
33050000 0.790647
33060000 0.783731
33070000 0.786099
33080000 0.785367
33090000 0.791211
33100000 0.791395
33110000 0.788058
33120000 0.790904
33130000 0.793054
33140000 0.788124
33150000 0.791836
33160000 0.787845
33170000 0.787764
33180000 0.78723
33190000 0.790381
33200000 0.791159
33210000 0.786287
33220000 0.79091
33230000 0.794981
33240000 0.787985
33250000 0.789325
33260000 0.789504
33270000 0.786552
33280000 0.781838
33290000 0.795384
33300000 0.792221
33310000 0.78928
33320000 0.797103
33330000 0.793715
33340000 0.794715
33350000 0.79628
33360000 0.791091
33370000 0.79189
33380000 0.788998
33390000 0.787624
33400000 0.792466
33410000 0.790695
33420000 0.793428
33430000 0.793724
33440000 0.793411
33450000 0.788543
33460000 0.792163
33470000 0.790984
33480000 0.791861
33490000 0.797204
33500000 0.794271
33510000 0.792709
33520000 0.791659
33530000 0.79541
33540000 0.790004
33550000 0.788119
33560000 0.795164
33570000 0.792349
33580000 0.793464
33590000 0.793211
33600000 0.797886
33610000 0.794072
33620000 0.78753
33630000 0.792019
33640000 0.794542
33650000 0.799199
33660000 0.791883
33670000 0.792758
33680000 0.791611
33690000 0.793684
33700000 0.794201
33710000 0.797433
33720000 0.794109
33730000 0.796014
33740000 0.792972
33750000 0.791578
33760000 0.787526
33770000 0.792236
33780000 0.796431
33790000 0.790845
33800000 0.795247
33810000 0.789724
33820000 0.794891
33830000 0.79631
33840000 0.794875
33850000 0.795673
33860000 0.788878
33870000 0.790048
33880000 0.795773
33890000 0.792099
33900000 0.793579
33910000 0.790735
33920000 0.787386
33930000 0.789968
33940000 0.788463
33950000 0.793595
33960000 0.793292
33970000 0.791616
33980000 0.796199
33990000 0.789113
34000000 0.794599
34010000 0.78855
34020000 0.788279
34030000 0.790947
34040000 0.793073
34050000 0.794516
34060000 0.792436
34070000 0.7928
34080000 0.795911
34090000 0.795318
34100000 0.794396
34110000 0.790507
34120000 0.793174
34130000 0.791299
34140000 0.793938
34150000 0.788218
34160000 0.787951
34170000 0.791398
34180000 0.788642
34190000 0.789005
34200000 0.791448
34210000 0.793247
34220000 0.790017
34230000 0.793127
34240000 0.790702
34250000 0.790543
34260000 0.789942
34270000 0.791149
34280000 0.787702
34290000 0.787809
34300000 0.791003
34310000 0.789903
34320000 0.791225
34330000 0.794099
34340000 0.794015
34350000 0.796947
34360000 0.794001
34370000 0.790537
34380000 0.798584
34390000 0.789906
34400000 0.789712
34410000 0.792212
34420000 0.791347
34430000 0.790862
34440000 0.787746
34450000 0.79311
34460000 0.795361
34470000 0.791368
34480000 0.789912
34490000 0.792974
34500000 0.793345
34510000 0.797856
34520000 0.789592
34530000 0.792999
34540000 0.796045
34550000 0.795604
34560000 0.790722
34570000 0.794448
34580000 0.796823
34590000 0.794957
34600000 0.790439
34610000 0.796532
34620000 0.794103
34630000 0.793457
34640000 0.789657
34650000 0.794871
34660000 0.795499
34670000 0.79639
34680000 0.791593
34690000 0.793048
34700000 0.794728
34710000 0.793442
34720000 0.794939
34730000 0.790448
34740000 0.797047
34750000 0.797339
34760000 0.796731
34770000 0.794239
34780000 0.79667
34790000 0.796067
34800000 0.794857
34810000 0.797374
34820000 0.793724
34830000 0.793765
34840000 0.793426
34850000 0.791785
34860000 0.793117
34870000 0.795603
34880000 0.799945
34890000 0.795556
34900000 0.792128
34910000 0.797226
34920000 0.792974
34930000 0.791589
34940000 0.800069
34950000 0.796005
34960000 0.794757
34970000 0.790618
34980000 0.796526
34990000 0.798124
35000000 0.792547
35010000 0.792778
35020000 0.7951
35030000 0.794365
35040000 0.799151
35050000 0.796103
35060000 0.797936
35070000 0.796232
35080000 0.796282
35090000 0.796963
35100000 0.792018
35110000 0.795269
35120000 0.796062
35130000 0.797564
35140000 0.80145
35150000 0.794761
35160000 0.794363
35170000 0.800274
35180000 0.798826
35190000 0.797149
35200000 0.79927
35210000 0.797572
35220000 0.796117
35230000 0.79683
35240000 0.79747
35250000 0.790531
35260000 0.789655
35270000 0.79743
35280000 0.797483
35290000 0.795434
35300000 0.794316
35310000 0.794766
35320000 0.7913
35330000 0.793058
35340000 0.795763
35350000 0.786612
35360000 0.795133
35370000 0.792196
35380000 0.794077
35390000 0.795865
35400000 0.796157
35410000 0.797399
35420000 0.791761
35430000 0.790359
35440000 0.796536
35450000 0.792818
35460000 0.794801
35470000 0.798824
35480000 0.793697
35490000 0.795803
35500000 0.798843
35510000 0.793885
35520000 0.795151
35530000 0.797579
35540000 0.801869
35550000 0.800123
35560000 0.799306
35570000 0.796477
35580000 0.796763
35590000 0.798106
35600000 0.79576
35610000 0.801266
35620000 0.796183
35630000 0.799355
35640000 0.792037
35650000 0.795934
35660000 0.799037
35670000 0.794164
35680000 0.79832
35690000 0.796361
35700000 0.793123
35710000 0.794683
35720000 0.796332
35730000 0.792488
35740000 0.79317
35750000 0.798009
35760000 0.800699
35770000 0.798088
35780000 0.79536
35790000 0.799916
35800000 0.797073
35810000 0.800082
35820000 0.79888
35830000 0.798729
35840000 0.801589
35850000 0.795377
35860000 0.798528
35870000 0.793849
35880000 0.795071
35890000 0.798301
35900000 0.796909
35910000 0.797432
35920000 0.795132
35930000 0.794982
35940000 0.794052
35950000 0.792227
35960000 0.795634
35970000 0.789833
35980000 0.792249
35990000 0.791001
36000000 0.792876
36010000 0.795912
36020000 0.796665
36030000 0.794388
36040000 0.792691
36050000 0.794032
36060000 0.794285
36070000 0.793272
36080000 0.795936
36090000 0.799836
36100000 0.794377
36110000 0.795604
36120000 0.795603
36130000 0.797191
36140000 0.800382
36150000 0.795719
36160000 0.794112
36170000 0.791397
36180000 0.791813
36190000 0.794389
36200000 0.791306
36210000 0.794417
36220000 0.79411
36230000 0.796266
36240000 0.797566
36250000 0.794108
36260000 0.790399
36270000 0.792739
36280000 0.794128
36290000 0.795536
36300000 0.793424
36310000 0.793324
36320000 0.795564
36330000 0.794897
36340000 0.79603
36350000 0.796602
36360000 0.797451
36370000 0.800473
36380000 0.797072
36390000 0.795993
36400000 0.797776
36410000 0.795949
36420000 0.798321
36430000 0.795981
36440000 0.79744
36450000 0.793625
36460000 0.797414
36470000 0.79636
36480000 0.798987
36490000 0.800106
36500000 0.795775
36510000 0.792669
36520000 0.789525
36530000 0.796904
36540000 0.793405
36550000 0.799292
36560000 0.796076
36570000 0.795424
36580000 0.793638
36590000 0.795873
36600000 0.793892
36610000 0.794843
36620000 0.797782
36630000 0.793839
36640000 0.788195
36650000 0.795998
36660000 0.796242
36670000 0.797061
36680000 0.793923
36690000 0.796935
36700000 0.795288
36710000 0.792836
36720000 0.801953
36730000 0.796529
36740000 0.797979
36750000 0.795473
36760000 0.79224
36770000 0.794734
36780000 0.791761
36790000 0.795861
36800000 0.7919
36810000 0.796701
36820000 0.795036
36830000 0.797352
36840000 0.794629
36850000 0.793214
36860000 0.794348
36870000 0.796678
36880000 0.792819
36890000 0.801495
36900000 0.796202
36910000 0.789526
36920000 0.793381
36930000 0.791781
36940000 0.795759
36950000 0.795608
36960000 0.796666
36970000 0.797694
36980000 0.796415
36990000 0.79434
37000000 0.797423
37010000 0.796183
37020000 0.794967
37030000 0.794645
37040000 0.785624
37050000 0.795759
37060000 0.792187
37070000 0.783634
37080000 0.789992
37090000 0.789288
37100000 0.798191
37110000 0.796214
37120000 0.795827
37130000 0.798632
37140000 0.790615
37150000 0.79616
37160000 0.798428
37170000 0.798484
37180000 0.795229
37190000 0.804739
37200000 0.798519
37210000 0.794971
37220000 0.797387
37230000 0.797377
37240000 0.794424
37250000 0.79164
37260000 0.798205
37270000 0.799552
37280000 0.79554
37290000 0.794712
37300000 0.795873
37310000 0.798197
37320000 0.798056
37330000 0.79419
37340000 0.791413
37350000 0.790624
37360000 0.790941
37370000 0.787497
37380000 0.792761
37390000 0.793528
37400000 0.792811
37410000 0.789202
37420000 0.795347
37430000 0.792347
37440000 0.791642
37450000 0.799717
37460000 0.795685
37470000 0.791492
37480000 0.790723
37490000 0.796477
37500000 0.795709
37510000 0.795499
37520000 0.792653
37530000 0.796519
37540000 0.794465
37550000 0.798868
37560000 0.795556
37570000 0.795047
37580000 0.792516
37590000 0.789467
37600000 0.786092
37610000 0.795318
37620000 0.78694
37630000 0.793609
37640000 0.79112
37650000 0.790351
37660000 0.796434
37670000 0.79905
37680000 0.80046
37690000 0.792305
37700000 0.793404
37710000 0.796247
37720000 0.791973
37730000 0.801062
37740000 0.788664
37750000 0.793
37760000 0.797328
37770000 0.796425
37780000 0.794161
37790000 0.792788
37800000 0.793801
37810000 0.792924
37820000 0.791089
37830000 0.790849
37840000 0.798686
37850000 0.796598
37860000 0.792592
37870000 0.795454
37880000 0.798417
37890000 0.795158
37900000 0.789892
37910000 0.78993
37920000 0.793944
37930000 0.797725
37940000 0.79238
37950000 0.79015
37960000 0.789762
37970000 0.791986
37980000 0.792347
37990000 0.791024
38000000 0.789748
38010000 0.793653
38020000 0.793376
38030000 0.79489
38040000 0.790564
38050000 0.792522
38060000 0.796413
38070000 0.796664
38080000 0.795311
38090000 0.793881
38100000 0.800478
38110000 0.789106
38120000 0.797165
38130000 0.797035
38140000 0.797763
38150000 0.79578
38160000 0.803061
38170000 0.800947
38180000 0.798615
38190000 0.795776
38200000 0.795224
38210000 0.800321
38220000 0.800345
38230000 0.797792
38240000 0.798583
38250000 0.800338
38260000 0.798311
38270000 0.796493
38280000 0.800817
38290000 0.793116
38300000 0.796925
38310000 0.792288
38320000 0.795606
38330000 0.792431
38340000 0.799466
38350000 0.797547
38360000 0.790953
38370000 0.795519
38380000 0.797492
38390000 0.793644
38400000 0.792059
38410000 0.795158
38420000 0.796156
38430000 0.796078
38440000 0.798334
38450000 0.796161
38460000 0.800376
38470000 0.790952
38480000 0.793412
38490000 0.79382
38500000 0.792604
38510000 0.790919
38520000 0.791463
38530000 0.788721
38540000 0.796061
38550000 0.792463
38560000 0.796754
38570000 0.79752
38580000 0.801891
38590000 0.800593
38600000 0.800158
38610000 0.793083
38620000 0.798433
38630000 0.795143
38640000 0.802217
38650000 0.803334
38660000 0.798777
38670000 0.797882
38680000 0.794223
38690000 0.799407
38700000 0.795335
38710000 0.802209
38720000 0.799085
38730000 0.799486
38740000 0.802872
38750000 0.800869
38760000 0.79503
38770000 0.79773
38780000 0.804929
38790000 0.80492
38800000 0.79652
38810000 0.801249
38820000 0.797741
38830000 0.798268
38840000 0.801049
38850000 0.796668
38860000 0.799117
38870000 0.797224
38880000 0.793106
38890000 0.793121
38900000 0.797739
38910000 0.797096
38920000 0.795966
38930000 0.796306
38940000 0.80197
38950000 0.803072
38960000 0.798332
38970000 0.794885
38980000 0.797342
38990000 0.793209
39000000 0.797736
39010000 0.799223
39020000 0.79672
39030000 0.792399
39040000 0.800668
39050000 0.798612
39060000 0.799197
39070000 0.792165
39080000 0.79702
39090000 0.798761
39100000 0.79629
39110000 0.794014
39120000 0.79808
39130000 0.794787
39140000 0.80152
39150000 0.796402
39160000 0.797715
39170000 0.79378
39180000 0.801202
39190000 0.79906
39200000 0.799691
39210000 0.80345
39220000 0.801097
39230000 0.802394
39240000 0.803168
39250000 0.804023
39260000 0.800034
39270000 0.802932
39280000 0.800576
39290000 0.796356
39300000 0.798882
39310000 0.797522
39320000 0.796978
39330000 0.797106
39340000 0.79538
39350000 0.794474
39360000 0.799949
39370000 0.798639
39380000 0.792829
39390000 0.797963
39400000 0.80224
39410000 0.800184
39420000 0.797965
39430000 0.802549
39440000 0.800903
39450000 0.795392
39460000 0.791481
39470000 0.795281
39480000 0.792226
39490000 0.793651
39500000 0.802328
39510000 0.800198
39520000 0.797892
39530000 0.797188
39540000 0.794591
39550000 0.797327
39560000 0.797968
39570000 0.800303
39580000 0.798186
39590000 0.797566
39600000 0.802169
39610000 0.794708
39620000 0.793132
39630000 0.798431
39640000 0.797317
39650000 0.798498
39660000 0.799586
39670000 0.799363
39680000 0.798012
39690000 0.794521
39700000 0.797825
39710000 0.799604
39720000 0.796871
39730000 0.795641
39740000 0.790151
39750000 0.796807
39760000 0.801411
39770000 0.799915
39780000 0.798187
39790000 0.80197
39800000 0.792596
39810000 0.796959
39820000 0.795365
39830000 0.796855
39840000 0.79706
39850000 0.801223
39860000 0.79866
39870000 0.789596
39880000 0.79755
39890000 0.795201
39900000 0.796488
39910000 0.797826
39920000 0.794287
39930000 0.794152
39940000 0.788878
39950000 0.799484
39960000 0.791463
39970000 0.802549
39980000 0.795877
39990000 0.794882
40000000 0.80336
